  65
  401    900.0590    0.74755E-25
  402    897.9287    0.74234E-25
  403    900.0590    0.74755E-25
  404    897.9297    0.74234E-25
  405    803.2853    0.61241E-25
  406    607.6962    0.26454E-24
  407    900.0590    0.74755E-25
  408    897.9287    0.74234E-25
  409    900.0590    0.74755E-25
  410    897.9297    0.74234E-25
  411    803.2853    0.61241E-25
  412    607.6962    0.26454E-24
  413    869.8661    0.14430E-23
  414    872.4090    0.35955E-24
  415    869.8661    0.14430E-23
  416    872.4100    0.35955E-24
  417    869.8163    0.13202E-23
  418    862.4196    0.60636E-25
  419    869.8661    0.14430E-23
  420    872.4090    0.35955E-24
  421    869.8661    0.14430E-23
  422    872.4100    0.35955E-24
  423    869.8163    0.13202E-23
  424    862.4196    0.60636E-25
  425    480.6631    0.25116E-24
  426    476.6622    0.25127E-24
  427    480.6631    0.25116E-24
  428    476.6622    0.25127E-24
  429    426.4597    0.41501E-24
  430    476.5729    0.25144E-24
  431    480.6631    0.25116E-24
  432    476.6622    0.25127E-24
  433    480.6631    0.25116E-24
  434    476.6622    0.25127E-24
  435    426.4597    0.41501E-24
  436    476.5729    0.25144E-24
  437    426.8865    0.41485E-24
  438      0.0000    0.10000E+31
  439    426.8865    0.41485E-24
  440      0.0000    0.10000E+31
  441    480.7807    0.25145E-24
  442      0.0000    0.10000E+31
  443    426.8865    0.41485E-24
  444      0.0000    0.10000E+31
  445    426.8865    0.41485E-24
  446      0.0000    0.10000E+31
  447    480.7807    0.25145E-24
  448      0.0000    0.10000E+31
  449    947.4736    0.74716E-25
  450    161.0732    0.10000E+31
  451    301.1932    0.39742E-22
  452   -743.4581    0.91358E-25
  453    758.5187    0.88898E-25
  454    301.0462    0.50884E-22
  455    756.2625    0.69578E-25
  456    301.0462    0.50884E-22
  457    756.2625    0.69578E-25
  203    773.0348    0.25239E-21
  204   1296.2830    0.65469E-26
  205    983.1237    0.39595E-25
  206    989.2532    0.58573E-25
  207    989.2532    0.58573E-25
  458      0.0000    0.10000E+31
    6    175.0000    0.53859E-24
   12    175.0000    0.53859E-24
   6
   401  0.19115681E-01     0   450     1     0     0     0
   401  0.32331470E+00     0   451     1     0     0     0
   401  0.31355165E-04     0   452     1     0     0     0
   401  0.11770426E-02     0   453     1     0     0     0
   401  0.65360069E+00     0   456     2     0     0     0
   401  0.27604983E-02     0   457     2     0     0     0
   6
   402  0.86667193E-02     0   450     2     0     0     0
   402  0.33149496E+00     0   451     2     0     0     0
   402  0.18997722E-04     0   452     2     0     0     0
   402  0.84198365E-03     0   453     2     0     0     0
   402  0.65745360E+00     0   454     1     0     0     0
   402  0.15237720E-02     0   455     1     0     0     0
   6
   403  0.19115755E-01     0   450     3     0     0     0
   403  0.32331598E+00     0   451     3     0     0     0
   403  0.31355288E-04     0   452     3     0     0     0
   403  0.11770471E-02     0   453     3     0     0     0
   403  0.65359956E+00     0   456     4     0     0     0
   403  0.27603654E-02     0   457     4     0     0     0
   6
   404  0.86666904E-02     0   450     4     0     0     0
   404  0.33149371E+00     0   451     4     0     0     0
   404  0.18997071E-04     0   452     4     0     0     0
   404  0.84194815E-03     0   453     4     0     0     0
   404  0.65745485E+00     0   454     3     0     0     0
   404  0.15237913E-02     0   455     3     0     0     0
   6
   405  0.13881573E-01     0   450     5     0     0     0
   405  0.22097464E+00     0   451     5     0     0     0
   405  0.16227719E-04     0   452     5     0     0     0
   405  0.12939348E-03     0   453     5     0     0     0
   405  0.37515041E+00     0   456     6     0     0     0
   405  0.38984779E+00     0   199   406     0     0     0
   3
   406  0.34425151E+00     0   450     6     0     0     0
   406  0.16159566E+00     0   451     6     0     0     0
   406  0.49415284E+00     0   454     5     0     0     0
   6
   407  0.19115681E-01     0   450     7     0     0     0
   407  0.32331470E+00     0   451     7     0     0     0
   407  0.31355165E-04     0   452     7     0     0     0
   407  0.11770426E-02     0   453     7     0     0     0
   407  0.65360069E+00     0   454     8     0     0     0
   407  0.27604983E-02     0   455     8     0     0     0
   6
   408  0.86667193E-02     0   450     8     0     0     0
   408  0.33149496E+00     0   451     8     0     0     0
   408  0.18997722E-04     0   452     8     0     0     0
   408  0.84198365E-03     0   453     8     0     0     0
   408  0.65745360E+00     0   456     7     0     0     0
   408  0.15237720E-02     0   457     7     0     0     0
   6
   409  0.19115755E-01     0   450     9     0     0     0
   409  0.32331598E+00     0   451     9     0     0     0
   409  0.31355288E-04     0   452     9     0     0     0
   409  0.11770471E-02     0   453     9     0     0     0
   409  0.65359956E+00     0   454    10     0     0     0
   409  0.27603654E-02     0   455    10     0     0     0
   6
   410  0.86666904E-02     0   450    10     0     0     0
   410  0.33149371E+00     0   451    10     0     0     0
   410  0.18997071E-04     0   452    10     0     0     0
   410  0.84194815E-03     0   453    10     0     0     0
   410  0.65745485E+00     0   456     9     0     0     0
   410  0.15237913E-02     0   457     9     0     0     0
   6
   411  0.13881573E-01     0   450    11     0     0     0
   411  0.22097464E+00     0   451    11     0     0     0
   411  0.16227719E-04     0   452    11     0     0     0
   411  0.12939348E-03     0   453    11     0     0     0
   411  0.37515041E+00     0   454    12     0     0     0
   411  0.38984779E+00     0   198   412     0     0     0
   3
   412  0.34425151E+00     0   450    12     0     0     0
   412  0.16159566E+00     0   451    12     0     0     0
   412  0.49415284E+00     0   456    11     0     0     0
   4
   413  0.99778134E+00     0   450     1     0     0     0
   413  0.19047789E-02     0   451     1     0     0     0
   413  0.18547502E-04     0   452     1     0     0     0
   413  0.29533426E-03     0   453     1     0     0     0
   4
   414  0.99776769E+00     0   450     2     0     0     0
   414  0.19069863E-02     0   451     2     0     0     0
   414  0.19129180E-04     0   452     2     0     0     0
   414  0.30621447E-03     0   453     2     0     0     0
   4
   415  0.99778134E+00     0   450     3     0     0     0
   415  0.19047789E-02     0   451     3     0     0     0
   415  0.18547502E-04     0   452     3     0     0     0
   415  0.29533426E-03     0   453     3     0     0     0
   4
   416  0.99776763E+00     0   450     4     0     0     0
   416  0.19069853E-02     0   451     4     0     0     0
   416  0.19128291E-04     0   452     4     0     0     0
   416  0.30619590E-03     0   453     4     0     0     0
   6
   417  0.90953988E+00     0   450     5     0     0     0
   417  0.12058029E-01     0   451     5     0     0     0
   417  0.12238910E-02     0   452     5     0     0     0
   417  0.16378758E-02     0   453     5     0     0     0
   417  0.18196668E-01     0   456     6     0     0     0
   417  0.57343647E-01     0   199   406     0     0     0
   6
   418  0.31266740E+00     0   454     5     0     0     0
   418  0.24194846E-01     0   455     5     0     0     0
   418  0.33195168E+00     0   200   406     0     0     0
   418  0.16713208E+00     0   203   406     0     0     0
   418  0.24516562E-01     0   450     6     0     0     0
   418  0.13953736E+00     0   451     6     0     0     0
   4
   419  0.99778134E+00     0   450     7     0     0     0
   419  0.19047789E-02     0   451     7     0     0     0
   419  0.18547502E-04     0   452     7     0     0     0
   419  0.29533426E-03     0   453     7     0     0     0
   4
   420  0.99776769E+00     0   450     8     0     0     0
   420  0.19069863E-02     0   451     8     0     0     0
   420  0.19129180E-04     0   452     8     0     0     0
   420  0.30621447E-03     0   453     8     0     0     0
   4
   421  0.99778134E+00     0   450     9     0     0     0
   421  0.19047789E-02     0   451     9     0     0     0
   421  0.18547502E-04     0   452     9     0     0     0
   421  0.29533426E-03     0   453     9     0     0     0
   4
   422  0.99776763E+00     0   450    10     0     0     0
   422  0.19069853E-02     0   451    10     0     0     0
   422  0.19128291E-04     0   452    10     0     0     0
   422  0.30619590E-03     0   453    10     0     0     0
   6
   423  0.90953988E+00     0   450    11     0     0     0
   423  0.12058029E-01     0   451    11     0     0     0
   423  0.12238910E-02     0   452    11     0     0     0
   423  0.16378758E-02     0   453    11     0     0     0
   423  0.18196668E-01     0   454    12     0     0     0
   423  0.57343647E-01     0   198   412     0     0     0
   6
   424  0.31266740E+00     0   456    11     0     0     0
   424  0.24194846E-01     0   457    11     0     0     0
   424  0.33195168E+00     0   200   412     0     0     0
   424  0.16713208E+00     0   203   412     0     0     0
   424  0.24516562E-01     0   450    12     0     0     0
   424  0.13953736E+00     0   451    12     0     0     0
   3
   425  0.15973163E+00     0   450   121     0     0     0
   425  0.29116035E+00     0   451   121     0     0     0
   425  0.54910803E+00     0   456   122     0     0     0
   3
   426  0.20415291E+00     0   450   122     0     0     0
   426  0.25401902E+00     0   451   122     0     0     0
   426  0.54182804E+00     0   454   121     0     0     0
   3
   427  0.15973164E+00     0   450   123     0     0     0
   427  0.29116026E+00     0   451   123     0     0     0
   427  0.54910809E+00     0   456   124     0     0     0
   3
   428  0.20415294E+00     0   450   124     0     0     0
   428  0.25401905E+00     0   451   124     0     0     0
   428  0.54182804E+00     0   454   123     0     0     0
   3
   429  0.99533445E+00     0   450   125     0     0     0
   429  0.21248912E-02     0   451   125     0     0     0
   429  0.25406561E-02     0   456   126     0     0     0
   3
   430  0.20423321E+00     0   450   126     0     0     0
   430  0.25401691E+00     0   451   126     0     0     0
   430  0.54174972E+00     0   454   125     0     0     0
   3
   431  0.15973163E+00     0   450   127     0     0     0
   431  0.29116035E+00     0   451   127     0     0     0
   431  0.54910803E+00     0   454   128     0     0     0
   3
   432  0.20415291E+00     0   450   128     0     0     0
   432  0.25401902E+00     0   451   128     0     0     0
   432  0.54182804E+00     0   456   127     0     0     0
   3
   433  0.15973164E+00     0   450   129     0     0     0
   433  0.29116026E+00     0   451   129     0     0     0
   433  0.54910809E+00     0   454   130     0     0     0
   3
   434  0.20415294E+00     0   450   130     0     0     0
   434  0.25401905E+00     0   451   130     0     0     0
   434  0.54182804E+00     0   456   129     0     0     0
   3
   435  0.99533445E+00     0   450   131     0     0     0
   435  0.21248912E-02     0   451   131     0     0     0
   435  0.25406561E-02     0   454   132     0     0     0
   3
   436  0.20423321E+00     0   450   132     0     0     0
   436  0.25401691E+00     0   451   132     0     0     0
   436  0.54174972E+00     0   456   131     0     0     0
   2
   437  0.99921250E+00     0   450   121     0     0     0
   437  0.78744953E-03     0   451   121     0     0     0
   0
   2
   439  0.99921250E+00     0   450   123     0     0     0
   439  0.78744936E-03     0   451   123     0     0     0
   0
   3
   441  0.16187957E+00     0   450   125     0     0     0
   441  0.29040018E+00     0   451   125     0     0     0
   441  0.54772019E+00     0   456   126     0     0     0
   0
   2
   443  0.99921250E+00     0   450   127     0     0     0
   443  0.78744953E-03     0   451   127     0     0     0
   0
   2
   445  0.99921250E+00     0   450   129     0     0     0
   445  0.78744936E-03     0   451   129     0     0     0
   0
   3
   447  0.16187957E+00     0   450   131     0     0     0
   447  0.29040018E+00     0   451   131     0     0     0
   447  0.54772019E+00     0   454   132     0     0     0
   0
  27
   449  0.67723414E-03     0   454     5    12     0     0
   449  0.67723414E-03     0   456     6    11     0     0
   449  0.86844295E-04     0   450     6    12     0     0
   449  0.49937377E-03     0   451     6    12     0     0
   449  0.14412922E-04     0   452    13     0     0     0
   449  0.12914867E-01     0   408     2     0     0     0
   449  0.12914867E-01     0   402     8     0     0     0
   449  0.11855478E-01     0   407     1     0     0     0
   449  0.11855478E-01     0   401     7     0     0     0
   449  0.28831501E-01     0   420     2     0     0     0
   449  0.28831501E-01     0   414     8     0     0     0
   449  0.30731890E-01     0   419     1     0     0     0
   449  0.30731890E-01     0   413     7     0     0     0
   449  0.11855381E-01     0   409     3     0     0     0
   449  0.11855381E-01     0   403     9     0     0     0
   449  0.30731799E-01     0   421     3     0     0     0
   449  0.30731799E-01     0   415     9     0     0     0
   449  0.12909797E-01     0   410     4     0     0     0
   449  0.12909797E-01     0   404    10     0     0     0
   449  0.28826451E-01     0   422     4     0     0     0
   449  0.28826451E-01     0   416    10     0     0     0
   449  0.98015085E-01     0   411     5     0     0     0
   449  0.98015085E-01     0   405    11     0     0     0
   449  0.30927017E-01     0   423     5     0     0     0
   449  0.30927017E-01     0   417    11     0     0     0
   449  0.20142323E+00     0   412     6     0     0     0
   449  0.20142323E+00     0   406    12     0     0     0
   0
   8
   451  0.51948046E-02     0   450   200     0     0     0
   451  0.11130629E-03     0   450   121   127     0     0
   451  0.11130629E-03     0   450   123   129     0     0
   451  0.11177944E-03     0   450   125   131     0     0
   451  0.13217311E-03     0   450   122   128     0     0
   451  0.13217311E-03     0   450   124   130     0     0
   451  0.13230534E-03     0   450   126   132     0     0
   451  0.99407405E+00     0   450   203     0     0     0
  24
   452  0.30750683E+00     0   454   199     0     0     0
   452  0.30750683E+00     0   456   198     0     0     0
   452  0.91965146E-01     0   450   200     0     0     0
   452  0.28231522E+00     0   451   200     0     0     0
   452  0.40864460E-02     0   450   203     0     0     0
   452  0.54691061E-02     0   451   203     0     0     0
   452  0.17878498E-04     0   425   127     0     0     0
   452  0.17878498E-04     0   431   121     0     0     0
   452  0.17878496E-04     0   427   129     0     0     0
   452  0.17878496E-04     0   433   123     0     0     0
   452  0.27934244E-04     0   437   127     0     0     0
   452  0.27934244E-04     0   443   121     0     0     0
   452  0.27934244E-04     0   439   129     0     0     0
   452  0.27934244E-04     0   445   123     0     0     0
   452  0.12997785E-03     0   429   131     0     0     0
   452  0.12997785E-03     0   435   125     0     0     0
   452  0.11484800E-03     0   441   131     0     0     0
   452  0.11484800E-03     0   447   125     0     0     0
   452  0.79608253E-04     0   426   128     0     0     0
   452  0.79608253E-04     0   432   122     0     0     0
   452  0.79608253E-04     0   428   130     0     0     0
   452  0.79608253E-04     0   434   124     0     0     0
   452  0.79649864E-04     0   430   132     0     0     0
   452  0.79649864E-04     0   436   126     0     0     0
  24
   453  0.30909598E+00     0   454   199     0     0     0
   453  0.30909598E+00     0   456   198     0     0     0
   453  0.42943582E-02     0   450   200     0     0     0
   453  0.60289246E-02     0   451   200     0     0     0
   453  0.82988508E-01     0   450   203     0     0     0
   453  0.25678715E+00     0   451   203     0     0     0
   453  0.13022333E-02     0   425   127     0     0     0
   453  0.13022333E-02     0   431   121     0     0     0
   453  0.13022332E-02     0   427   129     0     0     0
   453  0.13022332E-02     0   433   123     0     0     0
   453  0.58047991E-03     0   437   127     0     0     0
   453  0.58047991E-03     0   443   121     0     0     0
   453  0.58047986E-03     0   439   129     0     0     0
   453  0.58047986E-03     0   445   123     0     0     0
   453  0.61173609E-03     0   429   131     0     0     0
   453  0.61173609E-03     0   435   125     0     0     0
   453  0.14446852E-02     0   441   131     0     0     0
   453  0.14446852E-02     0   447   125     0     0     0
   453  0.33436925E-02     0   426   128     0     0     0
   453  0.33436925E-02     0   432   122     0     0     0
   453  0.33436925E-02     0   428   130     0     0     0
   453  0.33436925E-02     0   434   124     0     0     0
   453  0.33453272E-02     0   430   132     0     0     0
   453  0.33453272E-02     0   436   126     0     0     0
   4
   454  0.30857319E-03     0   450   127   122     0     0
   454  0.30857319E-03     0   450   129   124     0     0
   454  0.30959261E-03     0   450   131   126     0     0
   454  0.99907327E+00     0   450   198     0     0     0
  12
   455  0.53688340E-01     0   450   198     0     0     0
   455  0.25651762E+00     0   451   198     0     0     0
   455  0.20789775E+00     0   406    11     0     0     0
   455  0.25865166E-02     0   426   127     0     0     0
   455  0.25865166E-02     0   428   129     0     0     0
   455  0.27170929E-02     0   430   131     0     0     0
   455  0.44365842E-02     0   431   122     0     0     0
   455  0.44365842E-02     0   433   124     0     0     0
   455  0.74338699E-04     0   435   126     0     0     0
   455  0.45123510E-02     0   447   126     0     0     0
   455  0.24152398E+00     0   454   200     0     0     0
   455  0.21902236E+00     0   454   203     0     0     0
   4
   456  0.30857319E-03     0   450   121   128     0     0
   456  0.30857319E-03     0   450   123   130     0     0
   456  0.30959261E-03     0   450   125   132     0     0
   456  0.99907327E+00     0   450   199     0     0     0
  12
   457  0.53688340E-01     0   450   199     0     0     0
   457  0.25651762E+00     0   451   199     0     0     0
   457  0.20789775E+00     0   412     5     0     0     0
   457  0.25865166E-02     0   432   121     0     0     0
   457  0.25865166E-02     0   434   123     0     0     0
   457  0.27170929E-02     0   436   125     0     0     0
   457  0.44365842E-02     0   425   128     0     0     0
   457  0.44365842E-02     0   427   130     0     0     0
   457  0.74338699E-04     0   429   132     0     0     0
   457  0.45123510E-02     0   441   132     0     0     0
   457  0.24152398E+00     0   456   200     0     0     0
   457  0.21902236E+00     0   456   203     0     0     0
   9
   203  0.85848606E+00     0     5    11     0     0     0
   203  0.69673948E-01     0   125   131     0     0     0
   203  0.24380967E-03     0   123   129     0     0     0
   203  0.51146938E-03     0     3     9     0     0     0
   203  0.24764588E-01     0     4    10     0     0     0
   203  0.42524837E-01     0    13    13     0     0     0
   203  0.10764581E-02     0    59    59     0     0     0
   203  0.23315256E-02     0   198   199     0     0     0
   203  0.38727152E-03     0   200   200     0     0     0
  30
   204  0.57569460E-03     0     5    11     0     0     0
   204  0.75996046E-04     0   125   131     0     0     0
   204  0.10369641E+00     0     6    12     0     0     0
   204  0.15899503E-03     0    13    13     0     0     0
   204  0.10375633E-03     0   198   199     0     0     0
   204  0.51275554E-04     0   200   200     0     0     0
   204  0.78196113E-03     0   454   456     0     0     0
   204  0.22495598E-01     0   455   456     0     0     0
   204  0.22495598E-01     0   454   457     0     0     0
   204  0.46146208E-04     0   450   450     0     0     0
   204  0.26100056E-03     0   450   451     0     0     0
   204  0.34974059E-03     0   451   451     0     0     0
   204  0.77310903E-02     0   450   452     0     0     0
   204  0.20630009E-01     0   451   452     0     0     0
   204  0.44662438E-03     0   450   453     0     0     0
   204  0.68606489E-03     0   451   453     0     0     0
   204  0.11021587E-03     0   426   432     0     0     0
   204  0.11021587E-03     0   428   434     0     0     0
   204  0.11021587E-03     0   430   436     0     0     0
   204  0.31811298E-04     0   425   431     0     0     0
   204  0.31811298E-04     0   427   433     0     0     0
   204  0.25904730E-04     0   437   443     0     0     0
   204  0.25904730E-04     0   439   445     0     0     0
   204  0.16048782E-04     0   429   435     0     0     0
   204  0.19131452E-01     0   406   412     0     0     0
   204  0.21026990E-04     0   441   447     0     0     0
   204  0.17154967E-04     0   203   203     0     0     0
   204  0.27075011E+00     0   200   205     0     0     0
   204  0.26451609E+00     0   198   207     0     0     0
   204  0.26451609E+00     0   199   206     0     0     0
  11
   205  0.35035394E-02     0     5    11     0     0     0
   205  0.45891403E-03     0   125   131     0     0     0
   205  0.66790164E+00     0     6    12     0     0     0
   205  0.12226952E-02     0    13    13     0     0     0
   205  0.27913758E+00     0   200   203     0     0     0
   205  0.20189337E-01     0   454   456     0     0     0
   205  0.84345246E-03     0   450   450     0     0     0
   205  0.55803130E-02     0   450   451     0     0     0
   205  0.91178119E-02     0   451   451     0     0     0
   205  0.41195794E-03     0   450   452     0     0     0
   205  0.11632707E-01     0   450   453     0     0     0
   9
   206  0.68309315E-03     0   131   126     0     0     0
   206  0.12799358E-04     0     9     4     0     0     0
   206  0.97339082E+00     0    11     6     0     0     0
   206  0.91793865E-03     0   203   198     0     0     0
   206  0.90634925E-02     0   454   450     0     0     0
   206  0.21039108E-04     0   454   451     0     0     0
   206  0.14997896E-01     0   455   450     0     0     0
   206  0.73003623E-03     0   426   431     0     0     0
   206  0.18290812E-03     0   430   447     0     0     0
   9
   207  0.68309315E-03     0   125   132     0     0     0
   207  0.12799358E-04     0     3    10     0     0     0
   207  0.97339082E+00     0     5    12     0     0     0
   207  0.91793865E-03     0   203   199     0     0     0
   207  0.90634925E-02     0   456   450     0     0     0
   207  0.21039108E-04     0   456   451     0     0     0
   207  0.14997896E-01     0   457   450     0     0     0
   207  0.73003623E-03     0   432   425     0     0     0
   207  0.18290812E-03     0   436   441     0     0     0
   0
   5
     6  0.33333334E+00   100     2     7     5     0     0
     6  0.33333334E+00   100     4     9     5     0     0
     6  0.11111111E+00   100   122   127     5     0     0
     6  0.11111111E+00   100   124   129     5     0     0
     6  0.11111111E+00   100   126   131     5     0     0
   5
    12  0.33333334E+00   100     8     1    11     0     0
    12  0.33333334E+00   100    10     3    11     0     0
    12  0.11111111E+00   100   128   121    11     0     0
    12  0.11111111E+00   100   130   123    11     0     0
    12  0.11111111E+00   100   132   125    11     0     0
      2.00000000     -0.47011629
     -0.99634790      0.03520965     -0.06531864      0.04224525
     -0.04776685     -0.98489338      0.13296929     -0.10011212
      0.01539190     -0.02404902     -0.70564348     -0.70799148
     -0.06908207      0.16782998      0.69290692     -0.69781172
     -0.98936474      0.14545575     -0.14545575     -0.98936474
     -0.98126918      0.19264156     -0.19264156     -0.98126918
     -1.09681261     -0.05245727     -1.50942743
   -610.04095459  -1028.90722656   -252.01441956
    742.63574219
    T
