  65
  401    900.1691    0.75512E-25
  402    896.6868    0.74291E-25
  403    900.1691    0.75513E-25
  404    896.6878    0.74291E-25
  405    814.3530    0.57230E-25
  406    662.4567    0.16449E-24
  407    900.1691    0.75512E-25
  408    896.6868    0.74291E-25
  409    900.1691    0.75513E-25
  410    896.6878    0.74291E-25
  411    814.3530    0.57230E-25
  412    662.4567    0.16449E-24
  413    869.9304    0.14440E-23
  414    871.3839    0.36032E-24
  415    869.9305    0.14440E-23
  416    871.3849    0.36032E-24
  417    866.7856    0.59781E-24
  418    859.7097    0.48719E-25
  419    869.9304    0.14440E-23
  420    871.3839    0.36032E-24
  421    869.9305    0.14440E-23
  422    871.3849    0.36032E-24
  423    866.7856    0.59781E-24
  424    859.7097    0.48719E-25
  425    481.4588    0.25553E-24
  426    474.9162    0.25681E-24
  427    481.4588    0.25553E-24
  428    474.9162    0.25681E-24
  429    421.4525    0.41648E-24
  430    473.0746    0.25975E-24
  431    481.4588    0.25553E-24
  432    474.9162    0.25681E-24
  433    481.4588    0.25553E-24
  434    474.9162    0.25681E-24
  435    421.4525    0.41648E-24
  436    473.0746    0.25975E-24
  437    427.6905    0.41527E-24
  438      0.0000    0.10000E+31
  439    427.6905    0.41527E-24
  440      0.0000    0.10000E+31
  441    481.4745    0.26221E-24
  442      0.0000    0.10000E+31
  443    427.6905    0.41527E-24
  444      0.0000    0.10000E+31
  445    427.6905    0.41527E-24
  446      0.0000    0.10000E+31
  447    481.4745    0.26221E-24
  448      0.0000    0.10000E+31
  449    946.2795    0.91306E-25
  450    160.9233    0.10000E+31
  451    297.8712    0.58905E-22
  452   -523.9998    0.21758E-24
  453    539.8917    0.20461E-24
  454    297.7931    0.55539E-22
  455    539.8720    0.20904E-24
  456    297.7931    0.55539E-22
  457    539.8720    0.20904E-24
  203    691.9240    0.18874E-21
  204   1410.9232    0.19355E-25
  205    696.3718    0.31891E-24
  206    701.2075    0.39354E-24
  207    701.2075    0.39354E-24
  458      0.0000    0.10000E+31
    6    175.0000    0.53859E-24
   12    175.0000    0.53859E-24
   6
   401  0.17683500E-01     0   450     1     0     0     0
   401  0.31271172E+00     0   451     1     0     0     0
   401  0.88583754E-03     0   452     1     0     0     0
   401  0.13958422E-01     0   453     1     0     0     0
   401  0.61756748E+00     0   456     2     0     0     0
   401  0.37193067E-01     0   457     2     0     0     0
   6
   402  0.96866703E-02     0   450     2     0     0     0
   402  0.31866679E+00     0   451     2     0     0     0
   402  0.52641245E-03     0   452     2     0     0     0
   402  0.10620277E-01     0   453     2     0     0     0
   402  0.64578247E+00     0   454     1     0     0     0
   402  0.14717447E-01     0   455     1     0     0     0
   6
   403  0.17683569E-01     0   450     3     0     0     0
   403  0.31271294E+00     0   451     3     0     0     0
   403  0.88584103E-03     0   452     3     0     0     0
   403  0.13958477E-01     0   453     3     0     0     0
   403  0.61756641E+00     0   456     4     0     0     0
   403  0.37192803E-01     0   457     4     0     0     0
   6
   404  0.96866377E-02     0   450     4     0     0     0
   404  0.31866559E+00     0   451     4     0     0     0
   404  0.52640890E-03     0   452     4     0     0     0
   404  0.10620201E-01     0   453     4     0     0     0
   404  0.64578360E+00     0   454     3     0     0     0
   404  0.14717503E-01     0   455     3     0     0     0
   7
   405  0.14280049E-01     0   450     5     0     0     0
   405  0.20257027E+00     0   451     5     0     0     0
   405  0.40739197E-02     0   452     5     0     0     0
   405  0.89131296E-02     0   453     5     0     0     0
   405  0.34177825E+00     0   456     6     0     0     0
   405  0.29565364E+00     0   457     6     0     0     0
   405  0.13273083E+00     0   199   406     0     0     0
   4
   406  0.24892397E+00     0   450     6     0     0     0
   406  0.14640722E+00     0   451     6     0     0     0
   406  0.40760151E+00     0   454     5     0     0     0
   406  0.19706731E+00     0   455     5     0     0     0
   6
   407  0.17683500E-01     0   450     7     0     0     0
   407  0.31271172E+00     0   451     7     0     0     0
   407  0.88583754E-03     0   452     7     0     0     0
   407  0.13958422E-01     0   453     7     0     0     0
   407  0.61756748E+00     0   454     8     0     0     0
   407  0.37193067E-01     0   455     8     0     0     0
   6
   408  0.96866703E-02     0   450     8     0     0     0
   408  0.31866679E+00     0   451     8     0     0     0
   408  0.52641245E-03     0   452     8     0     0     0
   408  0.10620277E-01     0   453     8     0     0     0
   408  0.64578247E+00     0   456     7     0     0     0
   408  0.14717447E-01     0   457     7     0     0     0
   6
   409  0.17683569E-01     0   450     9     0     0     0
   409  0.31271294E+00     0   451     9     0     0     0
   409  0.88584103E-03     0   452     9     0     0     0
   409  0.13958477E-01     0   453     9     0     0     0
   409  0.61756641E+00     0   454    10     0     0     0
   409  0.37192803E-01     0   455    10     0     0     0
   6
   410  0.96866377E-02     0   450    10     0     0     0
   410  0.31866559E+00     0   451    10     0     0     0
   410  0.52640890E-03     0   452    10     0     0     0
   410  0.10620201E-01     0   453    10     0     0     0
   410  0.64578360E+00     0   456     9     0     0     0
   410  0.14717503E-01     0   457     9     0     0     0
   7
   411  0.14280049E-01     0   450    11     0     0     0
   411  0.20257027E+00     0   451    11     0     0     0
   411  0.40739197E-02     0   452    11     0     0     0
   411  0.89131296E-02     0   453    11     0     0     0
   411  0.34177825E+00     0   454    12     0     0     0
   411  0.29565364E+00     0   455    12     0     0     0
   411  0.13273083E+00     0   198   412     0     0     0
   4
   412  0.24892397E+00     0   450    12     0     0     0
   412  0.14640722E+00     0   451    12     0     0     0
   412  0.40760151E+00     0   456    11     0     0     0
   412  0.19706731E+00     0   457    11     0     0     0
   4
   413  0.99369812E+00     0   450     1     0     0     0
   413  0.24312206E-02     0   451     1     0     0     0
   413  0.72386640E-03     0   452     1     0     0     0
   413  0.31467960E-02     0   453     1     0     0     0
   4
   414  0.99368161E+00     0   450     2     0     0     0
   414  0.24327585E-02     0   451     2     0     0     0
   414  0.72643306E-03     0   452     2     0     0     0
   414  0.31591523E-02     0   453     2     0     0     0
   4
   415  0.99369812E+00     0   450     3     0     0     0
   415  0.24312206E-02     0   451     3     0     0     0
   415  0.72386645E-03     0   452     3     0     0     0
   415  0.31467967E-02     0   453     3     0     0     0
   4
   416  0.99368167E+00     0   450     4     0     0     0
   416  0.24327573E-02     0   451     4     0     0     0
   416  0.72643015E-03     0   452     4     0     0     0
   416  0.31591377E-02     0   453     4     0     0     0
   7
   417  0.38832083E+00     0   450     5     0     0     0
   417  0.24246050E-01     0   451     5     0     0     0
   417  0.61991133E-01     0   452     5     0     0     0
   417  0.74551508E-01     0   453     5     0     0     0
   417  0.41313484E-01     0   456     6     0     0     0
   417  0.30047718E+00     0   457     6     0     0     0
   417  0.10909985E+00     0   199   406     0     0     0
   8
   418  0.24120520E+00     0   454     5     0     0     0
   418  0.12158728E+00     0   455     5     0     0     0
   418  0.10943934E+00     0   200   406     0     0     0
   418  0.66210508E-01     0   203   406     0     0     0
   418  0.18962232E-01     0   450     6     0     0     0
   418  0.10699084E+00     0   451     6     0     0     0
   418  0.10328918E+00     0   452     6     0     0     0
   418  0.23231545E+00     0   453     6     0     0     0
   4
   419  0.99369812E+00     0   450     7     0     0     0
   419  0.24312206E-02     0   451     7     0     0     0
   419  0.72386640E-03     0   452     7     0     0     0
   419  0.31467960E-02     0   453     7     0     0     0
   4
   420  0.99368161E+00     0   450     8     0     0     0
   420  0.24327585E-02     0   451     8     0     0     0
   420  0.72643306E-03     0   452     8     0     0     0
   420  0.31591523E-02     0   453     8     0     0     0
   4
   421  0.99369812E+00     0   450     9     0     0     0
   421  0.24312206E-02     0   451     9     0     0     0
   421  0.72386645E-03     0   452     9     0     0     0
   421  0.31467967E-02     0   453     9     0     0     0
   4
   422  0.99368167E+00     0   450    10     0     0     0
   422  0.24327573E-02     0   451    10     0     0     0
   422  0.72643015E-03     0   452    10     0     0     0
   422  0.31591377E-02     0   453    10     0     0     0
   7
   423  0.38832083E+00     0   450    11     0     0     0
   423  0.24246050E-01     0   451    11     0     0     0
   423  0.61991133E-01     0   452    11     0     0     0
   423  0.74551508E-01     0   453    11     0     0     0
   423  0.41313484E-01     0   454    12     0     0     0
   423  0.30047718E+00     0   455    12     0     0     0
   423  0.10909985E+00     0   198   412     0     0     0
   8
   424  0.24120520E+00     0   456    11     0     0     0
   424  0.12158728E+00     0   457    11     0     0     0
   424  0.10943934E+00     0   200   412     0     0     0
   424  0.66210508E-01     0   203   412     0     0     0
   424  0.18962232E-01     0   450    12     0     0     0
   424  0.10699084E+00     0   451    12     0     0     0
   424  0.10328918E+00     0   452    12     0     0     0
   424  0.23231545E+00     0   453    12     0     0     0
   3
   425  0.16784456E+00     0   450   121     0     0     0
   425  0.29488194E+00     0   451   121     0     0     0
   425  0.53727353E+00     0   456   122     0     0     0
   3
   426  0.20031184E+00     0   450   122     0     0     0
   426  0.24969935E+00     0   451   122     0     0     0
   426  0.54998881E+00     0   454   121     0     0     0
   3
   427  0.16784456E+00     0   450   123     0     0     0
   427  0.29488185E+00     0   451   123     0     0     0
   427  0.53727353E+00     0   456   124     0     0     0
   3
   428  0.20031184E+00     0   450   124     0     0     0
   428  0.24969935E+00     0   451   124     0     0     0
   428  0.54998875E+00     0   454   123     0     0     0
   3
   429  0.95773089E+00     0   450   125     0     0     0
   429  0.15201476E-01     0   451   125     0     0     0
   429  0.27067652E-01     0   456   126     0     0     0
   3
   430  0.20141904E+00     0   450   126     0     0     0
   430  0.24904938E+00     0   451   126     0     0     0
   430  0.54953164E+00     0   454   125     0     0     0
   3
   431  0.16784456E+00     0   450   127     0     0     0
   431  0.29488194E+00     0   451   127     0     0     0
   431  0.53727353E+00     0   454   128     0     0     0
   3
   432  0.20031184E+00     0   450   128     0     0     0
   432  0.24969935E+00     0   451   128     0     0     0
   432  0.54998881E+00     0   456   127     0     0     0
   3
   433  0.16784456E+00     0   450   129     0     0     0
   433  0.29488185E+00     0   451   129     0     0     0
   433  0.53727353E+00     0   454   130     0     0     0
   3
   434  0.20031184E+00     0   450   130     0     0     0
   434  0.24969935E+00     0   451   130     0     0     0
   434  0.54998875E+00     0   456   129     0     0     0
   3
   435  0.95773089E+00     0   450   131     0     0     0
   435  0.15201476E-01     0   451   131     0     0     0
   435  0.27067652E-01     0   454   132     0     0     0
   3
   436  0.20141904E+00     0   450   132     0     0     0
   436  0.24904938E+00     0   451   132     0     0     0
   436  0.54953164E+00     0   456   131     0     0     0
   2
   437  0.99894738E+00     0   450   121     0     0     0
   437  0.10526626E-02     0   451   121     0     0     0
   0
   2
   439  0.99894738E+00     0   450   123     0     0     0
   439  0.10526621E-02     0   451   123     0     0     0
   0
   3
   441  0.18829551E+00     0   450   125     0     0     0
   441  0.28837395E+00     0   451   125     0     0     0
   441  0.52333057E+00     0   456   126     0     0     0
   0
   2
   443  0.99894738E+00     0   450   127     0     0     0
   443  0.10526626E-02     0   451   127     0     0     0
   0
   2
   445  0.99894738E+00     0   450   129     0     0     0
   445  0.10526621E-02     0   451   129     0     0     0
   0
   3
   447  0.18829551E+00     0   450   131     0     0     0
   447  0.28837395E+00     0   451   131     0     0     0
   447  0.52333057E+00     0   454   132     0     0     0
   0
  32
   449  0.80550747E-03     0   454     5    12     0     0
   449  0.80550747E-03     0   456     6    11     0     0
   449  0.16336006E-03     0   455     5    12     0     0
   449  0.16336006E-03     0   457     6    11     0     0
   449  0.10244278E-03     0   450     6    12     0     0
   449  0.55082352E-03     0   451     6    12     0     0
   449  0.49363818E-04     0   452    13     0     0     0
   449  0.63052103E-04     0   452     6    12     0     0
   449  0.35660072E-04     0   453    13     0     0     0
   449  0.33433957E-03     0   453     6    12     0     0
   449  0.15833033E-01     0   408     2     0     0     0
   449  0.15833033E-01     0   402     8     0     0     0
   449  0.13739346E-01     0   407     1     0     0     0
   449  0.13739346E-01     0   401     7     0     0     0
   449  0.35126388E-01     0   420     2     0     0     0
   449  0.35126388E-01     0   414     8     0     0     0
   449  0.36444593E-01     0   419     1     0     0     0
   449  0.36444593E-01     0   413     7     0     0     0
   449  0.13739224E-01     0   409     3     0     0     0
   449  0.13739224E-01     0   403     9     0     0     0
   449  0.36444426E-01     0   421     3     0     0     0
   449  0.36444426E-01     0   415     9     0     0     0
   449  0.15826829E-01     0   410     4     0     0     0
   449  0.15826829E-01     0   404    10     0     0     0
   449  0.35120208E-01     0   422     4     0     0     0
   449  0.35120208E-01     0   416    10     0     0     0
   449  0.10084690E+00     0   411     5     0     0     0
   449  0.10084690E+00     0   405    11     0     0     0
   449  0.40135957E-01     0   423     5     0     0     0
   449  0.40135957E-01     0   417    11     0     0     0
   449  0.15520641E+00     0   412     6     0     0     0
   449  0.15520641E+00     0   406    12     0     0     0
   0
   8
   451  0.10353436E+00     0   450   200     0     0     0
   451  0.14571442E-03     0   450   121   127     0     0
   451  0.14571442E-03     0   450   123   129     0     0
   451  0.16449508E-03     0   450   125   131     0     0
   451  0.16304501E-03     0   450   122   128     0     0
   451  0.16304501E-03     0   450   124   130     0     0
   451  0.16645475E-03     0   450   126   132     0     0
   451  0.89551711E+00     0   450   203     0     0     0
  24
   452  0.30426621E+00     0   454   199     0     0     0
   452  0.30426621E+00     0   456   198     0     0     0
   452  0.10477588E+00     0   450   200     0     0     0
   452  0.25507697E+00     0   451   200     0     0     0
   452  0.17803356E-01     0   450   203     0     0     0
   452  0.10440496E-01     0   451   203     0     0     0
   452  0.13102039E-04     0   425   127     0     0     0
   452  0.13102039E-04     0   431   121     0     0     0
   452  0.13102002E-04     0   427   129     0     0     0
   452  0.13102002E-04     0   433   123     0     0     0
   452  0.81139377E-04     0   437   127     0     0     0
   452  0.81139377E-04     0   443   121     0     0     0
   452  0.81139333E-04     0   439   129     0     0     0
   452  0.81139333E-04     0   445   123     0     0     0
   452  0.97676681E-03     0   429   131     0     0     0
   452  0.97676681E-03     0   435   125     0     0     0
   452  0.27313372E-03     0   441   131     0     0     0
   452  0.27313372E-03     0   447   125     0     0     0
   452  0.80420417E-04     0   426   128     0     0     0
   452  0.80420417E-04     0   432   122     0     0     0
   452  0.80420417E-04     0   428   130     0     0     0
   452  0.80420417E-04     0   434   124     0     0     0
   452  0.86249369E-04     0   430   132     0     0     0
   452  0.86249369E-04     0   436   126     0     0     0
  24
   453  0.32163009E+00     0   454   199     0     0     0
   453  0.32163009E+00     0   456   198     0     0     0
   453  0.20042401E-01     0   450   200     0     0     0
   453  0.16898902E-01     0   451   200     0     0     0
   453  0.85920572E-01     0   450   203     0     0     0
   453  0.21445878E+00     0   451   203     0     0     0
   453  0.68759307E-03     0   425   127     0     0     0
   453  0.68759307E-03     0   431   121     0     0     0
   453  0.68759214E-03     0   427   129     0     0     0
   453  0.68759214E-03     0   433   123     0     0     0
   453  0.45694763E-03     0   437   127     0     0     0
   453  0.45694763E-03     0   443   121     0     0     0
   453  0.45694748E-03     0   439   129     0     0     0
   453  0.45694748E-03     0   445   123     0     0     0
   453  0.85086440E-03     0   429   131     0     0     0
   453  0.85086440E-03     0   435   125     0     0     0
   453  0.11945606E-02     0   441   131     0     0     0
   453  0.11945606E-02     0   447   125     0     0     0
   453  0.17601731E-02     0   426   128     0     0     0
   453  0.17601731E-02     0   432   122     0     0     0
   453  0.17601731E-02     0   428   130     0     0     0
   453  0.17601731E-02     0   434   124     0     0     0
   453  0.18546139E-02     0   430   132     0     0     0
   453  0.18546139E-02     0   436   126     0     0     0
   4
   454  0.28859655E-03     0   450   127   122     0     0
   454  0.28859655E-03     0   450   129   124     0     0
   454  0.30975047E-03     0   450   131   126     0     0
   454  0.99911302E+00     0   450   198     0     0     0
  11
   455  0.93810767E-01     0   450   198     0     0     0
   455  0.34114081E+00     0   451   198     0     0     0
   455  0.15689560E-02     0   426   127     0     0     0
   455  0.15689541E-02     0   428   129     0     0     0
   455  0.24330011E-02     0   430   131     0     0     0
   455  0.31552876E-02     0   431   122     0     0     0
   455  0.31552876E-02     0   433   124     0     0     0
   455  0.83933410E-03     0   435   126     0     0     0
   455  0.35820012E-02     0   447   126     0     0     0
   455  0.30648243E+00     0   454   200     0     0     0
   455  0.24226326E+00     0   454   203     0     0     0
   4
   456  0.28859655E-03     0   450   121   128     0     0
   456  0.28859655E-03     0   450   123   130     0     0
   456  0.30975047E-03     0   450   125   132     0     0
   456  0.99911302E+00     0   450   199     0     0     0
  11
   457  0.93810767E-01     0   450   199     0     0     0
   457  0.34114081E+00     0   451   199     0     0     0
   457  0.15689560E-02     0   432   121     0     0     0
   457  0.15689541E-02     0   434   123     0     0     0
   457  0.24330011E-02     0   436   125     0     0     0
   457  0.31552876E-02     0   425   128     0     0     0
   457  0.31552876E-02     0   427   130     0     0     0
   457  0.83933410E-03     0   429   132     0     0     0
   457  0.35820012E-02     0   441   132     0     0     0
   457  0.30648243E+00     0   456   200     0     0     0
   457  0.24226326E+00     0   456   203     0     0     0
  10
   203  0.79077017E+00     0     5    11     0     0     0
   203  0.67181952E-01     0   125   131     0     0     0
   203  0.23491152E-03     0   123   129     0     0     0
   203  0.47184224E-03     0     3     9     0     0     0
   203  0.21895627E-01     0     4    10     0     0     0
   203  0.58146253E-01     0    13    13     0     0     0
   203  0.16448924E-02     0    59    59     0     0     0
   203  0.39661574E-03     0    59   200     0     0     0
   203  0.54428469E-01     0   198   199     0     0     0
   203  0.48292549E-02     0   200   200     0     0     0
  37
   204  0.29555250E-01     0     5    11     0     0     0
   204  0.39723590E-02     0   125   131     0     0     0
   204  0.13869766E-04     0   123   129     0     0     0
   204  0.19341189E-04     0     3     9     0     0     0
   204  0.80575636E-02     0     6    12     0     0     0
   204  0.21680162E-04     0    13    13     0     0     0
   204  0.38250240E-04     0   198   199     0     0     0
   204  0.18679511E-04     0   200   200     0     0     0
   204  0.21055298E-01     0   454   456     0     0     0
   204  0.99119864E-01     0   455   456     0     0     0
   204  0.99119864E-01     0   454   457     0     0     0
   204  0.22684755E-02     0   455   457     0     0     0
   204  0.85377344E-03     0   450   450     0     0     0
   204  0.58662640E-02     0   450   451     0     0     0
   204  0.93044210E-02     0   451   451     0     0     0
   204  0.23716882E-01     0   450   452     0     0     0
   204  0.63072883E-01     0   451   452     0     0     0
   204  0.40290129E-03     0   452   452     0     0     0
   204  0.98290369E-02     0   450   453     0     0     0
   204  0.20121992E-01     0   451   453     0     0     0
   204  0.89471340E-02     0   452   453     0     0     0
   204  0.29657581E-02     0   453   453     0     0     0
   204  0.32562934E-03     0   426   432     0     0     0
   204  0.32562934E-03     0   428   434     0     0     0
   204  0.32562934E-03     0   430   436     0     0     0
   204  0.93834642E-04     0   425   431     0     0     0
   204  0.93834642E-04     0   427   433     0     0     0
   204  0.74122021E-04     0   437   443     0     0     0
   204  0.74122021E-04     0   439   445     0     0     0
   204  0.18990619E-04     0   429   435     0     0     0
   204  0.28844478E-01     0   406   412     0     0     0
   204  0.50280494E-04     0   441   435     0     0     0
   204  0.50280494E-04     0   429   447     0     0     0
   204  0.69494759E-04     0   205   205     0     0     0
   204  0.18802817E+00     0   200   205     0     0     0
   204  0.18664201E+00     0   198   207     0     0     0
   204  0.18664201E+00     0   199   206     0     0     0
  12
   205  0.48719472E+00     0     5    11     0     0     0
   205  0.65451466E-01     0   125   131     0     0     0
   205  0.22852239E-03     0   123   129     0     0     0
   205  0.31893322E-03     0     3     9     0     0     0
   205  0.15348224E+00     0     6    12     0     0     0
   205  0.63020864E-03     0    13    13     0     0     0
   205  0.15353474E+00     0   454   456     0     0     0
   205  0.78440877E-02     0   450   450     0     0     0
   205  0.49967572E-01     0   450   451     0     0     0
   205  0.68283267E-01     0   451   451     0     0     0
   205  0.17344534E-02     0   450   452     0     0     0
   205  0.11329746E-01     0   450   453     0     0     0
  10
   206  0.10645016E-02     0    11     4     0     0     0
   206  0.81329964E-01     0   131   126     0     0     0
   206  0.28396177E-03     0   129   124     0     0     0
   206  0.18821072E-04     0     9     2     0     0     0
   206  0.38905561E-03     0     9     4     0     0     0
   206  0.81088161E+00     0    11     6     0     0     0
   206  0.75981359E-03     0   203   198     0     0     0
   206  0.86799152E-01     0   454   450     0     0     0
   206  0.18895704E-03     0   454   451     0     0     0
   206  0.18284094E-01     0   455   450     0     0     0
  10
   207  0.10645016E-02     0     5    10     0     0     0
   207  0.81329964E-01     0   125   132     0     0     0
   207  0.28396177E-03     0   123   130     0     0     0
   207  0.18821072E-04     0     3     8     0     0     0
   207  0.38905561E-03     0     3    10     0     0     0
   207  0.81088161E+00     0     5    12     0     0     0
   207  0.75981359E-03     0   203   199     0     0     0
   207  0.86799152E-01     0   456   450     0     0     0
   207  0.18895704E-03     0   456   451     0     0     0
   207  0.18284094E-01     0   457   450     0     0     0
   0
   5
     6  0.33333334E+00   100     2     7     5     0     0
     6  0.33333334E+00   100     4     9     5     0     0
     6  0.11111111E+00   100   122   127     5     0     0
     6  0.11111111E+00   100   124   129     5     0     0
     6  0.11111111E+00   100   126   131     5     0     0
   5
    12  0.33333334E+00   100     8     1    11     0     0
    12  0.33333334E+00   100    10     3    11     0     0
    12  0.11111111E+00   100   128   121    11     0     0
    12  0.11111111E+00   100   130   123    11     0     0
    12  0.11111111E+00   100   132   125    11     0     0
     10.00000000     -0.10339307
      0.99384946     -0.02627108      0.09997740     -0.03972114
     -0.05378277     -0.96230602      0.22489496     -0.14316712
      0.04065746     -0.06083014     -0.70171404     -0.70869184
     -0.08785089      0.26377389      0.66859871     -0.68969661
     -0.97851831      0.20616001     -0.20616001     -0.97851831
     -0.94639087      0.32302377     -0.32302377     -0.94639087
     -1.12411606     -0.16483900     -1.39049649
   -706.39007568  -1034.36511230   -245.18843079
    519.77471924
    T
