  65
  401    301.3766    0.19159E-24
  402    294.9537    0.19377E-24
  403    301.3766    0.19160E-24
  404    294.9568    0.19381E-24
  405    258.0876    0.82965E-24
  406    245.2870    0.45897E-23
  407    301.3766    0.19159E-24
  408    294.9537    0.19377E-24
  409    301.3766    0.19160E-24
  410    294.9568    0.19381E-24
  411    258.0876    0.82965E-24
  412    245.2870    0.45897E-23
  413    293.4928    0.14517E-23
  414    292.0408    0.75467E-24
  415    293.4929    0.14517E-23
  416    292.0439    0.75537E-24
  417    293.4163    0.14995E-23
  418    302.2647    0.26269E-24
  419    293.4928    0.14517E-23
  420    292.0408    0.75467E-24
  421    293.4929    0.14517E-23
  422    292.0439    0.75537E-24
  423    293.4163    0.14995E-23
  424    302.2647    0.26269E-24
  425    213.3692    0.33900E-24
  426    204.1966    0.36635E-24
  427    213.3692    0.33900E-24
  428    204.1966    0.36635E-24
  429    205.2902    0.67211E-24
  430    204.1519    0.36647E-24
  431    213.3692    0.33900E-24
  432    204.1966    0.36635E-24
  433    213.3692    0.33900E-24
  434    204.1966    0.36635E-24
  435    205.2902    0.67211E-24
  436    204.1519    0.36647E-24
  437    205.7946    0.70620E-24
  438      0.0000    0.10000E+31
  439    205.7947    0.70620E-24
  440      0.0000    0.10000E+31
  441    213.7396    0.34773E-24
  442      0.0000    0.10000E+31
  443    205.7946    0.70620E-24
  444      0.0000    0.10000E+31
  445    205.7947    0.70620E-24
  446      0.0000    0.10000E+31
  447    213.7396    0.34773E-24
  448      0.0000    0.10000E+31
  449    275.2918    0.53593E-23
  450     42.5807    0.10000E+31
  451     90.5783    0.66660E-18
  452    251.8228    0.73137E-24
  453   -269.2597    0.71182E-24
  454     89.9307    0.33946E-19
  455   -267.4574    0.56856E-24
  456     89.9307    0.33946E-19
  457   -267.4574    0.56856E-24
  203    316.3851    0.29768E-21
  204    899.3964    0.55532E-26
  205    359.4285    0.24028E-24
  206    367.2793    0.17755E-24
  207    367.2793    0.17755E-24
  458      0.0000    0.10000E+31
    6    175.0000    0.53859E-24
   12    175.0000    0.53859E-24
   6
   401  0.28997779E+00     0   451     1     0     0     0
   401  0.94670319E-03     0   452     1     0     0     0
   401  0.84853155E-03     0   453     1     0     0     0
   401  0.16873974E+00     0   449     1     0     0     0
   401  0.53526747E+00     0   456     2     0     0     0
   401  0.42197350E-02     0   457     2     0     0     0
   7
   402  0.44678479E-01     0   450     2     0     0     0
   402  0.25484538E+00     0   451     2     0     0     0
   402  0.54190255E-03     0   452     2     0     0     0
   402  0.36396267E-03     0   453     2     0     0     0
   402  0.10142205E+00     0   449     2     0     0     0
   402  0.59801841E+00     0   454     1     0     0     0
   402  0.12982705E-03     0   455     1     0     0     0
   6
   403  0.28998616E+00     0   451     3     0     0     0
   403  0.94673230E-03     0   452     3     0     0     0
   403  0.84855879E-03     0   453     3     0     0     0
   403  0.16874529E+00     0   449     3     0     0     0
   403  0.53525710E+00     0   456     4     0     0     0
   403  0.42161159E-02     0   457     4     0     0     0
   7
   404  0.44687256E-01     0   450     4     0     0     0
   404  0.25489447E+00     0   451     4     0     0     0
   404  0.54178463E-03     0   452     4     0     0     0
   404  0.36357701E-03     0   453     4     0     0     0
   404  0.10121898E+00     0   449     4     0     0     0
   404  0.59816408E+00     0   454     3     0     0     0
   404  0.12988347E-03     0   455     3     0     0     0
   3
   405  0.26455076E-03     0   450     5     0     0     0
   405  0.99970299E+00     0   451     5     0     0     0
   405  0.32425301E-04     0   452     5     0     0     0
   2
   406  0.77728504E+00     0   450     6     0     0     0
   406  0.22271493E+00     0   454     5     0     0     0
   6
   407  0.28997779E+00     0   451     7     0     0     0
   407  0.94670319E-03     0   452     7     0     0     0
   407  0.84853155E-03     0   453     7     0     0     0
   407  0.16873974E+00     0   449     7     0     0     0
   407  0.53526747E+00     0   454     8     0     0     0
   407  0.42197350E-02     0   455     8     0     0     0
   7
   408  0.44678479E-01     0   450     8     0     0     0
   408  0.25484538E+00     0   451     8     0     0     0
   408  0.54190255E-03     0   452     8     0     0     0
   408  0.36396267E-03     0   453     8     0     0     0
   408  0.10142205E+00     0   449     8     0     0     0
   408  0.59801841E+00     0   456     7     0     0     0
   408  0.12982705E-03     0   457     7     0     0     0
   6
   409  0.28998616E+00     0   451     9     0     0     0
   409  0.94673230E-03     0   452     9     0     0     0
   409  0.84855879E-03     0   453     9     0     0     0
   409  0.16874529E+00     0   449     9     0     0     0
   409  0.53525710E+00     0   454    10     0     0     0
   409  0.42161159E-02     0   455    10     0     0     0
   7
   410  0.44687256E-01     0   450    10     0     0     0
   410  0.25489447E+00     0   451    10     0     0     0
   410  0.54178463E-03     0   452    10     0     0     0
   410  0.36357701E-03     0   453    10     0     0     0
   410  0.10121898E+00     0   449    10     0     0     0
   410  0.59816408E+00     0   456     9     0     0     0
   410  0.12988347E-03     0   457     9     0     0     0
   3
   411  0.26455076E-03     0   450    11     0     0     0
   411  0.99970299E+00     0   451    11     0     0     0
   411  0.32425301E-04     0   452    11     0     0     0
   2
   412  0.77728504E+00     0   450    12     0     0     0
   412  0.22271493E+00     0   456    11     0     0     0
   5
   413  0.33568364E+00     0   450     1     0     0     0
   413  0.60746139E-02     0   451     1     0     0     0
   413  0.12541319E-03     0   452     1     0     0     0
   413  0.15863799E-03     0   453     1     0     0     0
   413  0.65795773E+00     0   449     1     0     0     0
   5
   414  0.69425297E+00     0   450     2     0     0     0
   414  0.12542395E-01     0   451     2     0     0     0
   414  0.24525076E-03     0   452     2     0     0     0
   414  0.29436304E-03     0   453     2     0     0     0
   414  0.29266506E+00     0   449     2     0     0     0
   5
   415  0.33568230E+00     0   450     3     0     0     0
   415  0.60745906E-02     0   451     3     0     0     0
   415  0.12541299E-03     0   452     3     0     0     0
   415  0.15863807E-03     0   453     3     0     0     0
   415  0.65795910E+00     0   449     3     0     0     0
   5
   416  0.69487607E+00     0   450     4     0     0     0
   416  0.12553601E-01     0   451     4     0     0     0
   416  0.24535274E-03     0   452     4     0     0     0
   416  0.29415148E-03     0   453     4     0     0     0
   416  0.29203081E+00     0   449     4     0     0     0
   5
   417  0.34623593E+00     0   450     5     0     0     0
   417  0.61797425E-02     0   451     5     0     0     0
   417  0.61686611E-03     0   452     5     0     0     0
   417  0.43797423E-03     0   453     5     0     0     0
   417  0.64652950E+00     0   449     5     0     0     0
   4
   418  0.83388454E+00     0   454     5     0     0     0
   418  0.55436254E-02     0   455     5     0     0     0
   418  0.26856389E-01     0   450     6     0     0     0
   418  0.13371553E+00     0   451     6     0     0     0
   5
   419  0.33568364E+00     0   450     7     0     0     0
   419  0.60746139E-02     0   451     7     0     0     0
   419  0.12541319E-03     0   452     7     0     0     0
   419  0.15863799E-03     0   453     7     0     0     0
   419  0.65795773E+00     0   449     7     0     0     0
   5
   420  0.69425297E+00     0   450     8     0     0     0
   420  0.12542395E-01     0   451     8     0     0     0
   420  0.24525076E-03     0   452     8     0     0     0
   420  0.29436304E-03     0   453     8     0     0     0
   420  0.29266506E+00     0   449     8     0     0     0
   5
   421  0.33568230E+00     0   450     9     0     0     0
   421  0.60745906E-02     0   451     9     0     0     0
   421  0.12541299E-03     0   452     9     0     0     0
   421  0.15863807E-03     0   453     9     0     0     0
   421  0.65795910E+00     0   449     9     0     0     0
   5
   422  0.69487607E+00     0   450    10     0     0     0
   422  0.12553601E-01     0   451    10     0     0     0
   422  0.24535274E-03     0   452    10     0     0     0
   422  0.29415148E-03     0   453    10     0     0     0
   422  0.29203081E+00     0   449    10     0     0     0
   5
   423  0.34623593E+00     0   450    11     0     0     0
   423  0.61797425E-02     0   451    11     0     0     0
   423  0.61686611E-03     0   452    11     0     0     0
   423  0.43797423E-03     0   453    11     0     0     0
   423  0.64652950E+00     0   449    11     0     0     0
   4
   424  0.83388454E+00     0   456    11     0     0     0
   424  0.55436254E-02     0   457    11     0     0     0
   424  0.26856389E-01     0   450    12     0     0     0
   424  0.13371553E+00     0   451    12     0     0     0
   3
   425  0.21839109E+00     0   450   121     0     0     0
   425  0.23518080E+00     0   451   121     0     0     0
   425  0.54642814E+00     0   456   122     0     0     0
   3
   426  0.56729343E-01     0   450   122     0     0     0
   426  0.32513320E+00     0   451   122     0     0     0
   426  0.61813748E+00     0   454   121     0     0     0
   3
   427  0.21839102E+00     0   450   123     0     0     0
   427  0.23518069E+00     0   451   123     0     0     0
   427  0.54642826E+00     0   456   124     0     0     0
   3
   428  0.56729376E-01     0   450   124     0     0     0
   428  0.32513341E+00     0   451   124     0     0     0
   428  0.61813724E+00     0   454   123     0     0     0
   3
   429  0.91021633E+00     0   450   125     0     0     0
   429  0.37304092E-01     0   451   125     0     0     0
   429  0.52479535E-01     0   456   126     0     0     0
   3
   430  0.56733303E-01     0   450   126     0     0     0
   430  0.32509902E+00     0   451   126     0     0     0
   430  0.61816770E+00     0   454   125     0     0     0
   3
   431  0.21839109E+00     0   450   127     0     0     0
   431  0.23518080E+00     0   451   127     0     0     0
   431  0.54642814E+00     0   454   128     0     0     0
   3
   432  0.56729343E-01     0   450   128     0     0     0
   432  0.32513320E+00     0   451   128     0     0     0
   432  0.61813748E+00     0   456   127     0     0     0
   3
   433  0.21839102E+00     0   450   129     0     0     0
   433  0.23518069E+00     0   451   129     0     0     0
   433  0.54642826E+00     0   454   130     0     0     0
   3
   434  0.56729376E-01     0   450   130     0     0     0
   434  0.32513341E+00     0   451   130     0     0     0
   434  0.61813724E+00     0   456   129     0     0     0
   3
   435  0.91021633E+00     0   450   131     0     0     0
   435  0.37304092E-01     0   451   131     0     0     0
   435  0.52479535E-01     0   454   132     0     0     0
   3
   436  0.56733303E-01     0   450   132     0     0     0
   436  0.32509902E+00     0   451   132     0     0     0
   436  0.61816770E+00     0   456   131     0     0     0
   2
   437  0.98519039E+00     0   450   121     0     0     0
   437  0.14809653E-01     0   451   121     0     0     0
   0
   2
   439  0.98519039E+00     0   450   123     0     0     0
   439  0.14809651E-01     0   451   123     0     0     0
   0
   3
   441  0.23773950E+00     0   450   125     0     0     0
   441  0.22917247E+00     0   451   125     0     0     0
   441  0.53308803E+00     0   456   126     0     0     0
   0
   2
   443  0.98519039E+00     0   450   127     0     0     0
   443  0.14809653E-01     0   451   127     0     0     0
   0
   2
   445  0.98519039E+00     0   450   129     0     0     0
   445  0.14809651E-01     0   451   129     0     0     0
   0
   3
   447  0.23773950E+00     0   450   131     0     0     0
   447  0.22917247E+00     0   451   131     0     0     0
   447  0.53308803E+00     0   454   132     0     0     0
   0
  18
   449  0.20596052E-01     0   454     1     8     0     0
   449  0.20596052E-01     0   456     2     7     0     0
   449  0.20594891E-01     0   454     3    10     0     0
   449  0.20594891E-01     0   456     4     9     0     0
   449  0.11416298E-01     0   450     2     8     0     0
   449  0.22238744E-02     0   450     1     7     0     0
   449  0.22238707E-02     0   450     3     9     0     0
   449  0.11415180E-01     0   450     4    10     0     0
   449  0.21888695E-02     0   450     5    11     0     0
   449  0.30131472E-04     0   451    13     0     0     0
   449  0.10292024E-01     0   451     2     8     0     0
   449  0.94025899E-02     0   451     1     7     0     0
   449  0.94025759E-02     0   451     3     9     0     0
   449  0.10291016E-01     0   451     4    10     0     0
   449  0.33005061E-04     0   451     5    11     0     0
   449  0.17783139E-04     0   452    13     0     0     0
   449  0.42434043E+00     0   411     5     0     0     0
   449  0.42434043E+00     0   405    11     0     0     0
   0
  12
   451  0.16126724E-01     0   450    59     0     0     0
   451  0.13311796E+00     0   450     2     8     0     0
   451  0.42696696E-01     0   450     1     7     0     0
   451  0.42696696E-01     0   450     3     9     0     0
   451  0.13311477E+00     0   450     4    10     0     0
   451  0.43490082E-01     0   450     5    11     0     0
   451  0.17282389E+00     0   450   121   127     0     0
   451  0.17282374E+00     0   450   123   129     0     0
   451  0.17243245E+00     0   450   125   131     0     0
   451  0.23544414E-01     0   450   122   128     0     0
   451  0.23544414E-01     0   450   124   130     0     0
   451  0.23588151E-01     0   450   126   132     0     0
  25
   452  0.29531971E+00     0   454   199     0     0     0
   452  0.29531971E+00     0   456   198     0     0     0
   452  0.48112087E-01     0   450   200     0     0     0
   452  0.23142835E+00     0   451   200     0     0     0
   452  0.29097893E-04     0   451     5    11     0     0
   452  0.10618483E-01     0   450   203     0     0     0
   452  0.97323112E-01     0   451   203     0     0     0
   452  0.63415390E-03     0   425   127     0     0     0
   452  0.63415390E-03     0   431   121     0     0     0
   452  0.63415093E-03     0   427   129     0     0     0
   452  0.63415093E-03     0   433   123     0     0     0
   452  0.38675719E-03     0   437   127     0     0     0
   452  0.38675719E-03     0   443   121     0     0     0
   452  0.38675591E-03     0   439   129     0     0     0
   452  0.38675591E-03     0   445   123     0     0     0
   452  0.31443746E-03     0   429   131     0     0     0
   452  0.31443746E-03     0   435   125     0     0     0
   452  0.80619962E-03     0   441   131     0     0     0
   452  0.80619962E-03     0   447   125     0     0     0
   452  0.25859457E-02     0   426   128     0     0     0
   452  0.25859457E-02     0   432   122     0     0     0
   452  0.25859457E-02     0   428   130     0     0     0
   452  0.25859457E-02     0   434   124     0     0     0
   452  0.25902994E-02     0   430   132     0     0     0
   452  0.25902994E-02     0   436   126     0     0     0
  30
   453  0.31918293E+00     0   454   199     0     0     0
   453  0.31918293E+00     0   456   198     0     0     0
   453  0.97029675E-02     0   450   200     0     0     0
   453  0.83719291E-01     0   451   200     0     0     0
   453  0.10243829E-04     0   451     2     8     0     0
   453  0.14682763E-04     0   451     1     7     0     0
   453  0.14682736E-04     0   451     3     9     0     0
   453  0.10242780E-04     0   451     4    10     0     0
   453  0.35400022E-01     0   450   203     0     0     0
   453  0.15391754E+00     0   451   203     0     0     0
   453  0.52192586E-03     0   405    11     0     0     0
   453  0.52192586E-03     0   411     5     0     0     0
   453  0.16909214E-02     0   425   127     0     0     0
   453  0.16909214E-02     0   431   121     0     0     0
   453  0.16909172E-02     0   427   129     0     0     0
   453  0.16909172E-02     0   433   123     0     0     0
   453  0.22156180E-02     0   437   127     0     0     0
   453  0.22156180E-02     0   443   121     0     0     0
   453  0.22156138E-02     0   439   129     0     0     0
   453  0.22156138E-02     0   445   123     0     0     0
   453  0.19309900E-02     0   429   131     0     0     0
   453  0.19309900E-02     0   435   125     0     0     0
   453  0.20402807E-02     0   441   131     0     0     0
   453  0.20402807E-02     0   447   125     0     0     0
   453  0.90350481E-02     0   426   128     0     0     0
   453  0.90350481E-02     0   432   122     0     0     0
   453  0.90350481E-02     0   428   130     0     0     0
   453  0.90350481E-02     0   434   124     0     0     0
   453  0.90457713E-02     0   430   132     0     0     0
   453  0.90457713E-02     0   436   126     0     0     0
   5
   454  0.33141866E+00     0   450     2     7     0     0
   454  0.33141795E+00     0   450     4     9     0     0
   454  0.11237263E+00     0   450   127   122     0     0
   454  0.11237261E+00     0   450   129   124     0     0
   454  0.11241825E+00     0   450   131   126     0     0
  16
   455  0.18357730E+00     0   450   198     0     0     0
   455  0.40482275E-04     0   451     2     7     0     0
   455  0.40481915E-04     0   451     4     9     0     0
   455  0.19619720E+00     0   451   198     0     0     0
   455  0.17737734E+00     0   406    11     0     0     0
   455  0.95103181E-03     0   426   127     0     0     0
   455  0.95103087E-03     0   428   129     0     0     0
   455  0.11526826E-02     0   430   131     0     0     0
   455  0.16275709E-01     0   431   122     0     0     0
   455  0.16275695E-01     0   433   124     0     0     0
   455  0.33732768E-03     0   435   126     0     0     0
   455  0.15948426E-01     0   447   126     0     0     0
   455  0.23041894E+00     0   454   200     0     0     0
   455  0.64073967E-04     0   454     2     8     0     0
   455  0.64073873E-04     0   454     4    10     0     0
   455  0.16032831E+00     0   454   203     0     0     0
   5
   456  0.33141866E+00     0   450     8     1     0     0
   456  0.33141795E+00     0   450    10     3     0     0
   456  0.11237263E+00     0   450   121   128     0     0
   456  0.11237261E+00     0   450   123   130     0     0
   456  0.11241825E+00     0   450   125   132     0     0
  16
   457  0.18357730E+00     0   450   199     0     0     0
   457  0.40482275E-04     0   451     8     1     0     0
   457  0.40481915E-04     0   451    10     3     0     0
   457  0.19619720E+00     0   451   199     0     0     0
   457  0.17737734E+00     0   412     5     0     0     0
   457  0.95103181E-03     0   432   121     0     0     0
   457  0.95103087E-03     0   434   123     0     0     0
   457  0.11526826E-02     0   436   125     0     0     0
   457  0.16275709E-01     0   425   128     0     0     0
   457  0.16275695E-01     0   427   130     0     0     0
   457  0.33732768E-03     0   429   132     0     0     0
   457  0.15948426E-01     0   441   132     0     0     0
   457  0.23041894E+00     0   456   200     0     0     0
   457  0.64073967E-04     0   456     8     2     0     0
   457  0.64073873E-04     0   456    10     4     0     0
   457  0.16032831E+00     0   456   203     0     0     0
   9
   203  0.88118392E+00     0     5    11     0     0     0
   203  0.66473596E-01     0   125   131     0     0     0
   203  0.23309576E-03     0   123   129     0     0     0
   203  0.52463007E-03     0     3     9     0     0     0
   203  0.21912530E-01     0     4    10     0     0     0
   203  0.29236145E-01     0    13    13     0     0     0
   203  0.29989905E-03     0    59    59     0     0     0
   203  0.10665571E-03     0   198   199     0     0     0
   203  0.29548220E-04     0   200   200     0     0     0
  47
   204  0.22722250E-03     0     5    11     0     0     0
   204  0.23043502E-04     0   125   131     0     0     0
   204  0.24653256E-02     0     6    12     0     0     0
   204  0.45935420E-04     0    13    13     0     0     0
   204  0.13053935E-03     0   198   199     0     0     0
   204  0.60041802E-04     0   200   200     0     0     0
   204  0.43278811E-02     0   454   456     0     0     0
   204  0.20801874E-01     0   455   456     0     0     0
   204  0.20801874E-01     0   454   457     0     0     0
   204  0.36726610E-03     0   455   457     0     0     0
   204  0.37068330E-04     0   450   450     0     0     0
   204  0.66633162E-03     0   450   451     0     0     0
   204  0.29504511E-02     0   451   451     0     0     0
   204  0.25913890E-02     0   450   452     0     0     0
   204  0.19514181E-01     0   451   452     0     0     0
   204  0.11083266E-02     0   452   452     0     0     0
   204  0.13729787E-03     0   450   453     0     0     0
   204  0.10399480E-02     0   451   453     0     0     0
   204  0.24451413E-02     0   452   453     0     0     0
   204  0.16677003E-03     0   453   453     0     0     0
   204  0.15244054E-03     0   426   432     0     0     0
   204  0.15244054E-03     0   428   434     0     0     0
   204  0.15244054E-03     0   430   436     0     0     0
   204  0.43908349E-04     0   425   431     0     0     0
   204  0.43908349E-04     0   427   433     0     0     0
   204  0.32198790E-04     0   437   443     0     0     0
   204  0.32198790E-04     0   439   445     0     0     0
   204  0.18624219E-03     0   402   408     0     0     0
   204  0.18624219E-03     0   404   410     0     0     0
   204  0.36714904E-04     0   414   420     0     0     0
   204  0.36714904E-04     0   416   422     0     0     0
   204  0.27307708E-03     0   401   407     0     0     0
   204  0.27307708E-03     0   403   409     0     0     0
   204  0.20906249E-04     0   429   435     0     0     0
   204  0.19517871E-03     0   405   411     0     0     0
   204  0.13739624E-03     0   417   411     0     0     0
   204  0.16094459E-01     0   418   412     0     0     0
   204  0.13739624E-03     0   405   423     0     0     0
   204  0.16094459E-01     0   406   424     0     0     0
   204  0.39534683E-04     0   441   447     0     0     0
   204  0.12518869E-04     0   417   423     0     0     0
   204  0.18669676E-01     0   418   424     0     0     0
   204  0.66897890E-04     0   203   203     0     0     0
   204  0.23828177E-01     0   205   205     0     0     0
   204  0.28375107E+00     0   200   205     0     0     0
   204  0.27972138E+00     0   198   207     0     0     0
   204  0.27972138E+00     0   199   206     0     0     0
  16
   205  0.10127418E-01     0     5    11     0     0     0
   205  0.10181034E-02     0   125   131     0     0     0
   205  0.17963761E-04     0     4    10     0     0     0
   205  0.76489675E+00     0     6    12     0     0     0
   205  0.56914357E-02     0    13    13     0     0     0
   205  0.26407550E-04     0    59    59     0     0     0
   205  0.35324494E-04     0   200   203     0     0     0
   205  0.10868298E+00     0   454   456     0     0     0
   205  0.38764742E-02     0   455   456     0     0     0
   205  0.38764742E-02     0   454   457     0     0     0
   205  0.14250785E-02     0   450   450     0     0     0
   205  0.19561024E-01     0   450   451     0     0     0
   205  0.68739265E-01     0   451   451     0     0     0
   205  0.10790441E-02     0   450   452     0     0     0
   205  0.63714087E-02     0   451   452     0     0     0
   205  0.45748618E-02     0   450   453     0     0     0
  11
   206  0.11221374E-04     0    11     4     0     0     0
   206  0.76871528E-03     0   131   126     0     0     0
   206  0.16911970E-04     0     9     4     0     0     0
   206  0.89422768E+00     0    11     6     0     0     0
   206  0.43248292E-02     0   203   198     0     0     0
   206  0.40554736E-01     0   454   450     0     0     0
   206  0.84856350E-03     0   454   451     0     0     0
   206  0.22079824E-01     0   454   452     0     0     0
   206  0.70101316E-02     0   454   453     0     0     0
   206  0.20886509E-01     0   455   450     0     0     0
   206  0.92708906E-02     0   455   451     0     0     0
  11
   207  0.11221374E-04     0     5    10     0     0     0
   207  0.76871528E-03     0   125   132     0     0     0
   207  0.16911970E-04     0     3    10     0     0     0
   207  0.89422768E+00     0     5    12     0     0     0
   207  0.43248292E-02     0   203   199     0     0     0
   207  0.40554736E-01     0   456   450     0     0     0
   207  0.84856350E-03     0   456   451     0     0     0
   207  0.22079824E-01     0   456   452     0     0     0
   207  0.70101316E-02     0   456   453     0     0     0
   207  0.20886509E-01     0   457   450     0     0     0
   207  0.92708906E-02     0   457   451     0     0     0
   0
   5
     6  0.33333334E+00   100     2     7     5     0     0
     6  0.33333334E+00   100     4     9     5     0     0
     6  0.11111111E+00   100   122   127     5     0     0
     6  0.11111111E+00   100   124   129     5     0     0
     6  0.11111111E+00   100   126   131     5     0     0
   5
    12  0.33333334E+00   100     8     1    11     0     0
    12  0.33333334E+00   100    10     3    11     0     0
    12  0.11111111E+00   100   128   121    11     0     0
    12  0.11111111E+00   100   130   123    11     0     0
    12  0.11111111E+00   100   132   125    11     0     0
      2.00000000     -0.50128156
      0.97851300      0.17780082     -0.09827837      0.03522473
      0.14242689     -0.94806182     -0.28071451      0.04574739
      0.07018711     -0.15490480      0.67567331      0.71731699
     -0.13153285      0.21347174     -0.67454141      0.69435072
     -0.99718553     -0.07497334     -0.07497334      0.99718553
     -0.93454951     -0.35583311     -0.35583311      0.93454951
     -1.30705118      0.01949334      1.35353041
   -171.70100403   -300.77688599    -66.37033844
   -246.85359192
    T
