  65
  401    634.0680    0.11073E-24
  402    630.8871    0.10891E-24
  403    634.0681    0.11073E-24
  404    630.8885    0.10891E-24
  405    584.2114    0.12207E-24
  406    452.7530    0.26953E-24
  407    634.0680    0.11073E-24
  408    630.8871    0.10891E-24
  409    634.0681    0.11073E-24
  410    630.8885    0.10891E-24
  411    584.2114    0.12207E-24
  412    452.7530    0.26953E-24
  413    609.2402    0.20825E-23
  414    610.8962    0.51897E-24
  415    609.2403    0.20825E-23
  416    610.8977    0.51898E-24
  417    609.5190    0.16078E-23
  418    655.3340    0.10842E-24
  419    609.2402    0.20825E-23
  420    610.8962    0.51897E-24
  421    609.2403    0.20825E-23
  422    610.8977    0.51898E-24
  423    609.5190    0.16078E-23
  424    655.3340    0.10842E-24
  425    228.5958    0.39773E-23
  426    219.6187    0.33925E-23
  427    228.5958    0.39773E-23
  428    219.6187    0.33925E-23
  429    152.7536    0.48001E-23
  430    219.5742    0.34007E-23
  431    228.5958    0.39773E-23
  432    219.6187    0.33925E-23
  433    228.5958    0.39773E-23
  434    219.6187    0.33925E-23
  435    152.7536    0.48001E-23
  436    219.5742    0.34007E-23
  437    153.1960    0.47028E-23
  438      0.0000    0.10000E+31
  439    153.1961    0.47028E-23
  440      0.0000    0.10000E+31
  441    228.7744    0.39315E-23
  442      0.0000    0.10000E+31
  443    153.1960    0.47028E-23
  444      0.0000    0.10000E+31
  445    153.1961    0.47028E-23
  446      0.0000    0.10000E+31
  447    228.7744    0.39315E-23
  448      0.0000    0.10000E+31
  449    716.6255    0.49250E-25
  450    115.8006    0.10000E+31
  451    213.3920    0.32900E-22
  452   -488.0076    0.15594E-24
  453    511.4535    0.13357E-24
  454    212.4853    0.83285E-22
  455    508.2844    0.12370E-24
  456    212.4853    0.83285E-22
  457    508.2844    0.12370E-24
  203    525.6992    0.24921E-21
  204   1607.6207    0.10712E-26
  205    590.6376    0.97038E-25
  206    595.7601    0.10739E-24
  207    595.7601    0.10739E-24
  458      0.0000    0.10000E+31
    6    175.0000    0.53859E-24
   12    175.0000    0.53859E-24
   6
   401  0.27597209E-01     0   450     1     0     0     0
   401  0.31366393E+00     0   451     1     0     0     0
   401  0.13163815E-03     0   452     1     0     0     0
   401  0.42521665E-02     0   453     1     0     0     0
   401  0.64404714E+00     0   456     2     0     0     0
   401  0.10307825E-01     0   457     2     0     0     0
   6
   402  0.45962972E-02     0   450     2     0     0     0
   402  0.33190340E+00     0   451     2     0     0     0
   402  0.77488701E-04     0   452     2     0     0     0
   402  0.30018904E-02     0   453     2     0     0     0
   402  0.65479052E+00     0   454     1     0     0     0
   402  0.56304717E-02     0   455     1     0     0     0
   6
   403  0.27597435E-01     0   450     3     0     0     0
   403  0.31366655E+00     0   451     3     0     0     0
   403  0.13163930E-03     0   452     3     0     0     0
   403  0.42522047E-02     0   453     3     0     0     0
   403  0.64404500E+00     0   456     4     0     0     0
   403  0.10307183E-01     0   457     4     0     0     0
   6
   404  0.45962669E-02     0   450     4     0     0     0
   404  0.33190084E+00     0   451     4     0     0     0
   404  0.77485543E-04     0   452     4     0     0     0
   404  0.30017160E-02     0   453     4     0     0     0
   404  0.65479314E+00     0   454     3     0     0     0
   404  0.56305807E-02     0   455     3     0     0     0
   6
   405  0.28595928E-01     0   450     5     0     0     0
   405  0.30052328E+00     0   451     5     0     0     0
   405  0.14003708E-03     0   452     5     0     0     0
   405  0.18943694E-02     0   453     5     0     0     0
   405  0.44269073E+00     0   456     6     0     0     0
   405  0.22615567E+00     0   199   406     0     0     0
   3
   406  0.21214500E+00     0   450     6     0     0     0
   406  0.14188084E+00     0   451     6     0     0     0
   406  0.64597410E+00     0   454     5     0     0     0
   6
   407  0.27597209E-01     0   450     7     0     0     0
   407  0.31366393E+00     0   451     7     0     0     0
   407  0.13163815E-03     0   452     7     0     0     0
   407  0.42521665E-02     0   453     7     0     0     0
   407  0.64404714E+00     0   454     8     0     0     0
   407  0.10307825E-01     0   455     8     0     0     0
   6
   408  0.45962972E-02     0   450     8     0     0     0
   408  0.33190340E+00     0   451     8     0     0     0
   408  0.77488701E-04     0   452     8     0     0     0
   408  0.30018904E-02     0   453     8     0     0     0
   408  0.65479052E+00     0   456     7     0     0     0
   408  0.56304717E-02     0   457     7     0     0     0
   6
   409  0.27597435E-01     0   450     9     0     0     0
   409  0.31366655E+00     0   451     9     0     0     0
   409  0.13163930E-03     0   452     9     0     0     0
   409  0.42522047E-02     0   453     9     0     0     0
   409  0.64404500E+00     0   454    10     0     0     0
   409  0.10307183E-01     0   455    10     0     0     0
   6
   410  0.45962669E-02     0   450    10     0     0     0
   410  0.33190084E+00     0   451    10     0     0     0
   410  0.77485543E-04     0   452    10     0     0     0
   410  0.30017160E-02     0   453    10     0     0     0
   410  0.65479314E+00     0   456     9     0     0     0
   410  0.56305807E-02     0   457     9     0     0     0
   6
   411  0.28595928E-01     0   450    11     0     0     0
   411  0.30052328E+00     0   451    11     0     0     0
   411  0.14003708E-03     0   452    11     0     0     0
   411  0.18943694E-02     0   453    11     0     0     0
   411  0.44269073E+00     0   454    12     0     0     0
   411  0.22615567E+00     0   198   412     0     0     0
   3
   412  0.21214500E+00     0   450    12     0     0     0
   412  0.14188084E+00     0   451    12     0     0     0
   412  0.64597410E+00     0   456    11     0     0     0
   4
   413  0.98951328E+00     0   450     1     0     0     0
   413  0.94128065E-02     0   451     1     0     0     0
   413  0.83305364E-04     0   452     1     0     0     0
   413  0.99057693E-03     0   453     1     0     0     0
   4
   414  0.98947638E+00     0   450     2     0     0     0
   414  0.94228880E-02     0   451     2     0     0     0
   414  0.84890547E-04     0   452     2     0     0     0
   414  0.10158956E-02     0   453     2     0     0     0
   4
   415  0.98951328E+00     0   450     3     0     0     0
   415  0.94128055E-02     0   451     3     0     0     0
   415  0.83305415E-04     0   452     3     0     0     0
   415  0.99057774E-03     0   453     3     0     0     0
   4
   416  0.98947650E+00     0   450     4     0     0     0
   416  0.94228769E-02     0   451     4     0     0     0
   416  0.84886517E-04     0   452     4     0     0     0
   416  0.10158180E-02     0   453     4     0     0     0
   6
   417  0.75209069E+00     0   450     5     0     0     0
   417  0.60410455E-01     0   451     5     0     0     0
   417  0.24894637E-02     0   452     5     0     0     0
   417  0.48475736E-02     0   453     5     0     0     0
   417  0.82241304E-01     0   456     6     0     0     0
   417  0.97920477E-01     0   199   406     0     0     0
   6
   418  0.28308803E+00     0   454     5     0     0     0
   418  0.14679879E+00     0   455     5     0     0     0
   418  0.32278943E+00     0   200   406     0     0     0
   418  0.85503966E-01     0   203   406     0     0     0
   418  0.33728089E-01     0   450     6     0     0     0
   418  0.12809172E+00     0   451     6     0     0     0
   4
   419  0.98951328E+00     0   450     7     0     0     0
   419  0.94128065E-02     0   451     7     0     0     0
   419  0.83305364E-04     0   452     7     0     0     0
   419  0.99057693E-03     0   453     7     0     0     0
   4
   420  0.98947638E+00     0   450     8     0     0     0
   420  0.94228880E-02     0   451     8     0     0     0
   420  0.84890547E-04     0   452     8     0     0     0
   420  0.10158956E-02     0   453     8     0     0     0
   4
   421  0.98951328E+00     0   450     9     0     0     0
   421  0.94128055E-02     0   451     9     0     0     0
   421  0.83305415E-04     0   452     9     0     0     0
   421  0.99057774E-03     0   453     9     0     0     0
   4
   422  0.98947650E+00     0   450    10     0     0     0
   422  0.94228769E-02     0   451    10     0     0     0
   422  0.84886517E-04     0   452    10     0     0     0
   422  0.10158180E-02     0   453    10     0     0     0
   6
   423  0.75209069E+00     0   450    11     0     0     0
   423  0.60410455E-01     0   451    11     0     0     0
   423  0.24894637E-02     0   452    11     0     0     0
   423  0.48475736E-02     0   453    11     0     0     0
   423  0.82241304E-01     0   454    12     0     0     0
   423  0.97920477E-01     0   198   412     0     0     0
   6
   424  0.28308803E+00     0   456    11     0     0     0
   424  0.14679879E+00     0   457    11     0     0     0
   424  0.32278943E+00     0   200   412     0     0     0
   424  0.85503966E-01     0   203   412     0     0     0
   424  0.33728089E-01     0   450    12     0     0     0
   424  0.12809172E+00     0   451    12     0     0     0
   3
   425  0.70421338E+00     0   450   121     0     0     0
   425  0.10007617E+00     0   451   121     0     0     0
   425  0.19571039E+00     0   456   122     0     0     0
   3
   426  0.95094693E+00     0   450   122     0     0     0
   426  0.12160503E-01     0   451   122     0     0     0
   426  0.36892612E-01     0   454   121     0     0     0
   3
   427  0.70421475E+00     0   450   123     0     0     0
   427  0.10007408E+00     0   451   123     0     0     0
   427  0.19571124E+00     0   456   124     0     0     0
   3
   428  0.95095086E+00     0   450   124     0     0     0
   428  0.12160554E-01     0   451   124     0     0     0
   428  0.36888633E-01     0   454   123     0     0     0
   1
   429  0.10000000E+01     0   450   125     0     0     0
   5
   430  0.95279169E+00     0   450   126     0     0     0
   430  0.12021662E-01     0   451   126     0     0     0
   430  0.35146993E-01     0   454   125     0     0     0
   430  0.19760371E-04     0   429     2     7     0     0
   430  0.19760371E-04     0   429     4     9     0     0
   3
   431  0.70421338E+00     0   450   127     0     0     0
   431  0.10007617E+00     0   451   127     0     0     0
   431  0.19571039E+00     0   454   128     0     0     0
   3
   432  0.95094693E+00     0   450   128     0     0     0
   432  0.12160503E-01     0   451   128     0     0     0
   432  0.36892612E-01     0   456   127     0     0     0
   3
   433  0.70421475E+00     0   450   129     0     0     0
   433  0.10007408E+00     0   451   129     0     0     0
   433  0.19571124E+00     0   454   130     0     0     0
   3
   434  0.95095086E+00     0   450   130     0     0     0
   434  0.12160554E-01     0   451   130     0     0     0
   434  0.36888633E-01     0   456   129     0     0     0
   1
   435  0.10000000E+01     0   450   131     0     0     0
   5
   436  0.95279169E+00     0   450   132     0     0     0
   436  0.12021662E-01     0   451   132     0     0     0
   436  0.35146993E-01     0   456   131     0     0     0
   436  0.19760371E-04     0   435     8     1     0     0
   436  0.19760371E-04     0   435    10     3     0     0
   1
   437  0.10000000E+01     0   450   121     0     0     0
   0
   1
   439  0.10000000E+01     0   450   123     0     0     0
   0
   3
   441  0.70373803E+00     0   450   125     0     0     0
   441  0.99633701E-01     0   451   125     0     0     0
   441  0.19662829E+00     0   456   126     0     0     0
   0
   1
   443  0.10000000E+01     0   450   127     0     0     0
   0
   1
   445  0.10000000E+01     0   450   129     0     0     0
   0
   3
   447  0.70373803E+00     0   450   131     0     0     0
   447  0.99633701E-01     0   451   131     0     0     0
   447  0.19662829E+00     0   454   132     0     0     0
   0
  27
   449  0.13626021E-03     0   454     5    12     0     0
   449  0.13626021E-03     0   456     6    11     0     0
   449  0.20437186E-04     0   450     6    12     0     0
   449  0.51762643E-04     0   451     6    12     0     0
   449  0.13606413E-04     0   452    13     0     0     0
   449  0.32347508E-01     0   408     2     0     0     0
   449  0.32347508E-01     0   402     8     0     0     0
   449  0.30133639E-01     0   407     1     0     0     0
   449  0.30133639E-01     0   401     7     0     0     0
   449  0.47741778E-01     0   420     2     0     0     0
   449  0.47741778E-01     0   414     8     0     0     0
   449  0.49126223E-01     0   419     1     0     0     0
   449  0.49126223E-01     0   413     7     0     0     0
   449  0.30133527E-01     0   409     3     0     0     0
   449  0.30133527E-01     0   403     9     0     0     0
   449  0.49126104E-01     0   421     3     0     0     0
   449  0.49126104E-01     0   415     9     0     0     0
   449  0.32343000E-01     0   410     4     0     0     0
   449  0.32343000E-01     0   404    10     0     0     0
   449  0.47737252E-01     0   422     4     0     0     0
   449  0.47737252E-01     0   416    10     0     0     0
   449  0.71114220E-01     0   411     5     0     0     0
   449  0.71114220E-01     0   405    11     0     0     0
   449  0.49462039E-01     0   423     5     0     0     0
   449  0.49462039E-01     0   417    11     0     0     0
   449  0.60555577E-01     0   412     6     0     0     0
   449  0.60555577E-01     0   406    12     0     0     0
   0
  14
   451  0.61261454E-02     0   450   200     0     0     0
   451  0.79782581E-03     0   450   121   127     0     0
   451  0.79782528E-03     0   450   123   129     0     0
   451  0.78886421E-03     0   450   125   131     0     0
   451  0.18030150E-02     0   450   122   128     0     0
   451  0.18030150E-02     0   450   124   130     0     0
   451  0.18084621E-02     0   450   126   132     0     0
   451  0.51575470E+00     0   450   203     0     0     0
   451  0.71517475E-01     0   437   127     0     0     0
   451  0.71517475E-01     0   443   121     0     0     0
   451  0.71517311E-01     0   439   129     0     0     0
   451  0.71517311E-01     0   445   123     0     0     0
   451  0.92125289E-01     0   429   131     0     0     0
   451  0.92125289E-01     0   435   125     0     0     0
  24
   452  0.30810970E+00     0   454   199     0     0     0
   452  0.30810970E+00     0   456   198     0     0     0
   452  0.11331388E+00     0   450   200     0     0     0
   452  0.25612408E+00     0   451   200     0     0     0
   452  0.50117574E-02     0   450   203     0     0     0
   452  0.46828231E-02     0   451   203     0     0     0
   452  0.86265871E-04     0   425   127     0     0     0
   452  0.86265871E-04     0   431   121     0     0     0
   452  0.86265856E-04     0   427   129     0     0     0
   452  0.86265856E-04     0   433   123     0     0     0
   452  0.14226545E-03     0   437   127     0     0     0
   452  0.14226545E-03     0   443   121     0     0     0
   452  0.14226545E-03     0   439   129     0     0     0
   452  0.14226545E-03     0   445   123     0     0     0
   452  0.35624969E-03     0   429   131     0     0     0
   452  0.35624969E-03     0   435   125     0     0     0
   452  0.30595745E-03     0   441   131     0     0     0
   452  0.30595745E-03     0   447   125     0     0     0
   452  0.40162820E-03     0   426   128     0     0     0
   452  0.40162820E-03     0   432   122     0     0     0
   452  0.40162820E-03     0   428   130     0     0     0
   452  0.40162820E-03     0   434   124     0     0     0
   452  0.40171086E-03     0   430   132     0     0     0
   452  0.40171086E-03     0   436   126     0     0     0
  24
   453  0.29031017E+00     0   454   199     0     0     0
   453  0.29031017E+00     0   456   198     0     0     0
   453  0.51085372E-02     0   450   200     0     0     0
   453  0.53657759E-02     0   451   200     0     0     0
   453  0.82209319E-01     0   450   203     0     0     0
   453  0.19053036E+00     0   451   203     0     0     0
   453  0.58045564E-02     0   425   127     0     0     0
   453  0.58045564E-02     0   431   121     0     0     0
   453  0.58045560E-02     0   427   129     0     0     0
   453  0.58045560E-02     0   433   123     0     0     0
   453  0.22815221E-02     0   437   127     0     0     0
   453  0.22815221E-02     0   443   121     0     0     0
   453  0.22815221E-02     0   439   129     0     0     0
   453  0.22815221E-02     0   445   123     0     0     0
   453  0.22886579E-02     0   429   131     0     0     0
   453  0.22886579E-02     0   435   125     0     0     0
   453  0.60948427E-02     0   441   131     0     0     0
   453  0.60948427E-02     0   447   125     0     0     0
   453  0.14508190E-01     0   426   128     0     0     0
   453  0.14508190E-01     0   432   122     0     0     0
   453  0.14508190E-01     0   428   130     0     0     0
   453  0.14508190E-01     0   434   124     0     0     0
   453  0.14510847E-01     0   430   132     0     0     0
   453  0.14510847E-01     0   436   126     0     0     0
   5
   454  0.63780793E-02     0   450   127   122     0     0
   454  0.63780779E-02     0   450   129   124     0     0
   454  0.63787303E-02     0   450   131   126     0     0
   454  0.87522548E+00     0   450   198     0     0     0
   454  0.10563966E+00     0   435   126     0     0     0
  12
   455  0.46677981E-01     0   450   198     0     0     0
   455  0.30254644E+00     0   451   198     0     0     0
   455  0.64500906E-01     0   406    11     0     0     0
   455  0.13839304E-01     0   426   127     0     0     0
   455  0.13839304E-01     0   428   129     0     0     0
   455  0.14115741E-01     0   430   131     0     0     0
   455  0.22994252E-01     0   431   122     0     0     0
   455  0.22994250E-01     0   433   124     0     0     0
   455  0.10254568E-03     0   435   126     0     0     0
   455  0.23194745E-01     0   447   126     0     0     0
   455  0.26525366E+00     0   454   200     0     0     0
   455  0.20994084E+00     0   454   203     0     0     0
   5
   456  0.63780793E-02     0   450   121   128     0     0
   456  0.63780779E-02     0   450   123   130     0     0
   456  0.63787303E-02     0   450   125   132     0     0
   456  0.87522548E+00     0   450   199     0     0     0
   456  0.10563966E+00     0   429   132     0     0     0
  12
   457  0.46677981E-01     0   450   199     0     0     0
   457  0.30254644E+00     0   451   199     0     0     0
   457  0.64500906E-01     0   412     5     0     0     0
   457  0.13839304E-01     0   432   121     0     0     0
   457  0.13839304E-01     0   434   123     0     0     0
   457  0.14115741E-01     0   436   125     0     0     0
   457  0.22994252E-01     0   425   128     0     0     0
   457  0.22994250E-01     0   427   130     0     0     0
   457  0.10254568E-03     0   429   132     0     0     0
   457  0.23194745E-01     0   441   132     0     0     0
   457  0.26525366E+00     0   456   200     0     0     0
   457  0.20994084E+00     0   456   203     0     0     0
   9
   203  0.86359030E+00     0     5    11     0     0     0
   203  0.69763646E-01     0   125   131     0     0     0
   203  0.24415489E-03     0   123   129     0     0     0
   203  0.51488745E-03     0     3     9     0     0     0
   203  0.23700317E-01     0     4    10     0     0     0
   203  0.39406497E-01     0    13    13     0     0     0
   203  0.96324715E-03     0    59    59     0     0     0
   203  0.15208004E-02     0   198   199     0     0     0
   203  0.29617062E-03     0   200   200     0     0     0
  36
   204  0.67000874E-04     0     5    11     0     0     0
   204  0.75444463E-02     0     6    12     0     0     0
   204  0.19272300E-04     0    13    13     0     0     0
   204  0.24102388E-04     0   198   199     0     0     0
   204  0.11668080E-04     0   200   200     0     0     0
   204  0.50127378E-03     0   454   456     0     0     0
   204  0.83441455E-02     0   455   456     0     0     0
   204  0.83441455E-02     0   454   457     0     0     0
   204  0.40763542E-04     0   455   457     0     0     0
   204  0.31619053E-04     0   450   450     0     0     0
   204  0.15804460E-03     0   450   451     0     0     0
   204  0.19325185E-03     0   451   451     0     0     0
   204  0.28940383E-02     0   450   452     0     0     0
   204  0.64313700E-02     0   451   452     0     0     0
   204  0.23913997E-04     0   452   452     0     0     0
   204  0.20505542E-03     0   450   453     0     0     0
   204  0.39884821E-03     0   451   453     0     0     0
   204  0.78825228E-03     0   452   453     0     0     0
   204  0.83520979E-04     0   453   453     0     0     0
   204  0.17801012E-04     0   426   432     0     0     0
   204  0.17801012E-04     0   428   434     0     0     0
   204  0.17801012E-04     0   430   436     0     0     0
   204  0.16535339E-04     0   402   408     0     0     0
   204  0.16535339E-04     0   404   410     0     0     0
   204  0.24457931E-04     0   401   407     0     0     0
   204  0.24457931E-04     0   403   409     0     0     0
   204  0.29083609E-04     0   405   411     0     0     0
   204  0.34814195E-02     0   406   412     0     0     0
   204  0.17467384E-03     0   418   412     0     0     0
   204  0.17467384E-03     0   406   424     0     0     0
   204  0.18171202E-03     0   418   424     0     0     0
   204  0.67230736E-04     0   203   203     0     0     0
   204  0.24880456E-01     0   205   205     0     0     0
   204  0.31260154E+00     0   200   205     0     0     0
   204  0.31108454E+00     0   198   207     0     0     0
   204  0.31108454E+00     0   199   206     0     0     0
  10
   205  0.61654737E-02     0     5    11     0     0     0
   205  0.74493501E-03     0   125   131     0     0     0
   205  0.88289231E+00     0     6    12     0     0     0
   205  0.24896017E-02     0    13    13     0     0     0
   205  0.14867677E-03     0   200   203     0     0     0
   205  0.60682699E-01     0   454   456     0     0     0
   205  0.36851880E-02     0   450   450     0     0     0
   205  0.19113842E-01     0   450   451     0     0     0
   205  0.23893446E-01     0   451   451     0     0     0
   205  0.18384801E-03     0   429   447     0     0     0
  11
   206  0.11188256E-04     0    11     4     0     0     0
   206  0.83152734E-03     0   131   126     0     0     0
   206  0.14597064E-04     0     9     4     0     0     0
   206  0.96832222E+00     0    11     6     0     0     0
   206  0.23843071E-02     0   203   198     0     0     0
   206  0.21271262E-01     0   454   450     0     0     0
   206  0.23313137E-03     0   454   451     0     0     0
   206  0.54711769E-02     0   426   431     0     0     0
   206  0.31173066E-04     0   428   433     0     0     0
   206  0.31173066E-04     0   430   435     0     0     0
   206  0.13982763E-02     0   430   447     0     0     0
  11
   207  0.11188256E-04     0     5    10     0     0     0
   207  0.83152734E-03     0   125   132     0     0     0
   207  0.14597064E-04     0     3    10     0     0     0
   207  0.96832222E+00     0     5    12     0     0     0
   207  0.23843071E-02     0   203   199     0     0     0
   207  0.21271262E-01     0   456   450     0     0     0
   207  0.23313137E-03     0   456   451     0     0     0
   207  0.54711769E-02     0   432   425     0     0     0
   207  0.31173066E-04     0   434   427     0     0     0
   207  0.31173066E-04     0   436   429     0     0     0
   207  0.13982763E-02     0   436   441     0     0     0
   0
   5
     6  0.33333334E+00   100     2     7     5     0     0
     6  0.33333334E+00   100     4     9     5     0     0
     6  0.11111111E+00   100   122   127     5     0     0
     6  0.11111111E+00   100   124   129     5     0     0
     6  0.11111111E+00   100   126   131     5     0     0
   5
    12  0.33333334E+00   100     8     1    11     0     0
    12  0.33333334E+00   100    10     3    11     0     0
    12  0.11111111E+00   100   128   121    11     0     0
    12  0.11111111E+00   100   130   123    11     0     0
    12  0.11111111E+00   100   132   125    11     0     0
      2.09999990     -0.46138898
     -0.98881066      0.07531503     -0.10838585      0.06952544
     -0.10595562     -0.96197820      0.20074341     -0.15189962
      0.02440120     -0.03753278     -0.70360565     -0.70917881
     -0.10213536      0.25984037      0.67297369     -0.68495101
     -0.97363573      0.22810839     -0.22810839     -0.97363573
     -0.95401090      0.29977188     -0.29977188     -0.95401090
     -0.99174535     -0.12613426     -1.51570976
   -425.29550171   -558.64898682    105.50016785
    486.64331055
    T
