  65
  401    883.1541    0.20674E-25
  402    879.6044    0.20733E-25
  403    883.1541    0.20674E-25
  404    879.6055    0.20733E-25
  405    738.6969    0.25084E-25
  406    557.6426    0.79045E-25
  407    883.1541    0.20674E-25
  408    879.6044    0.20733E-25
  409    883.1541    0.20674E-25
  410    879.6055    0.20733E-25
  411    738.6969    0.25084E-25
  412    557.6426    0.79045E-25
  413    877.3389    0.30548E-25
  414    876.6390    0.28687E-25
  415    877.3390    0.30548E-25
  416    876.6401    0.28687E-25
  417    871.1992    0.30493E-25
  418    761.3436    0.25456E-25
  419    877.3389    0.30548E-25
  420    876.6390    0.28687E-25
  421    877.3390    0.30548E-25
  422    876.6401    0.28687E-25
  423    871.1992    0.30493E-25
  424    761.3436    0.25456E-25
  425    807.9855    0.64474E-25
  426    804.1041    0.63804E-25
  427    807.9855    0.64474E-25
  428    804.1041    0.63804E-25
  429    794.9172    0.13367E-24
  430    800.7841    0.63373E-25
  431    807.9855    0.64474E-25
  432    804.1041    0.63804E-25
  433    807.9855    0.64474E-25
  434    804.1041    0.63804E-25
  435    794.9172    0.13367E-24
  436    800.7841    0.63373E-25
  437    802.8177    0.16537E-24
  438      0.0000    0.10000E+31
  439    802.8177    0.16537E-24
  440      0.0000    0.10000E+31
  441    805.8630    0.69005E-25
  442      0.0000    0.10000E+31
  443    802.8177    0.16537E-24
  444      0.0000    0.10000E+31
  445    802.8177    0.16537E-24
  446      0.0000    0.10000E+31
  447    805.8630    0.69005E-25
  448      0.0000    0.10000E+31
  449    540.0575    0.14371E-21
  450     76.5273    0.10000E+31
  451    139.0154    0.14211E-18
  452   -307.1233    0.42564E-24
  453    327.2462    0.38055E-24
  454    138.2886    0.13098E-19
  455    327.9774    0.40166E-24
  456    138.2886    0.13098E-19
  457    327.9774    0.40166E-24
  203    109.4380    0.20070E-21
  204    849.2110    0.67809E-25
  205    848.3469    0.67898E-25
  206    852.4302    0.68362E-25
  207    852.4302    0.68362E-25
  458      0.0000    0.10000E+31
    6    175.0000    0.53859E-24
   12    175.0000    0.53859E-24
   7
   401  0.78031542E-02     0   450     1     0     0     0
   401  0.90418011E-01     0   451     1     0     0     0
   401  0.13846391E-02     0   452     1     0     0     0
   401  0.11830417E-01     0   453     1     0     0     0
   401  0.67613167E+00     0   449     1     0     0     0
   401  0.17755437E+00     0   456     2     0     0     0
   401  0.34877773E-01     0   457     2     0     0     0
   7
   402  0.11022090E-02     0   450     2     0     0     0
   402  0.10107483E+00     0   451     2     0     0     0
   402  0.85086253E-03     0   452     2     0     0     0
   402  0.89046694E-02     0   453     2     0     0     0
   402  0.66910589E+00     0   449     2     0     0     0
   402  0.20872949E+00     0   454     1     0     0     0
   402  0.10232007E-01     0   455     1     0     0     0
   7
   403  0.78031630E-02     0   450     3     0     0     0
   403  0.90418115E-01     0   451     3     0     0     0
   403  0.13846407E-02     0   452     3     0     0     0
   403  0.11830430E-01     0   453     3     0     0     0
   403  0.67613244E+00     0   449     3     0     0     0
   403  0.17755368E+00     0   456     4     0     0     0
   403  0.34877595E-01     0   457     4     0     0     0
   7
   404  0.11022111E-02     0   450     4     0     0     0
   404  0.10107503E+00     0   451     4     0     0     0
   404  0.85086364E-03     0   452     4     0     0     0
   404  0.89046797E-02     0   453     4     0     0     0
   404  0.66910416E+00     0   449     4     0     0     0
   404  0.20873095E+00     0   454     3     0     0     0
   404  0.10232084E-01     0   455     3     0     0     0
   8
   405  0.85014459E-02     0   450     5     0     0     0
   405  0.91112547E-01     0   451     5     0     0     0
   405  0.44204821E-02     0   452     5     0     0     0
   405  0.12717458E-01     0   453     5     0     0     0
   405  0.38637891E+00     0   449     5     0     0     0
   405  0.16735479E+00     0   456     6     0     0     0
   405  0.29620445E+00     0   457     6     0     0     0
   405  0.33309955E-01     0   199   406     0     0     0
   6
   406  0.11404247E+00     0   450     6     0     0     0
   406  0.57807531E-01     0   451     6     0     0     0
   406  0.21961260E+00     0   452     6     0     0     0
   406  0.76881513E-01     0   453     6     0     0     0
   406  0.15631905E+00     0   454     5     0     0     0
   406  0.37533686E+00     0   455     5     0     0     0
   7
   407  0.78031542E-02     0   450     7     0     0     0
   407  0.90418011E-01     0   451     7     0     0     0
   407  0.13846391E-02     0   452     7     0     0     0
   407  0.11830417E-01     0   453     7     0     0     0
   407  0.67613167E+00     0   449     7     0     0     0
   407  0.17755437E+00     0   454     8     0     0     0
   407  0.34877773E-01     0   455     8     0     0     0
   7
   408  0.11022090E-02     0   450     8     0     0     0
   408  0.10107483E+00     0   451     8     0     0     0
   408  0.85086253E-03     0   452     8     0     0     0
   408  0.89046694E-02     0   453     8     0     0     0
   408  0.66910589E+00     0   449     8     0     0     0
   408  0.20872949E+00     0   456     7     0     0     0
   408  0.10232007E-01     0   457     7     0     0     0
   7
   409  0.78031630E-02     0   450     9     0     0     0
   409  0.90418115E-01     0   451     9     0     0     0
   409  0.13846407E-02     0   452     9     0     0     0
   409  0.11830430E-01     0   453     9     0     0     0
   409  0.67613244E+00     0   449     9     0     0     0
   409  0.17755368E+00     0   454    10     0     0     0
   409  0.34877595E-01     0   455    10     0     0     0
   7
   410  0.11022111E-02     0   450    10     0     0     0
   410  0.10107503E+00     0   451    10     0     0     0
   410  0.85086364E-03     0   452    10     0     0     0
   410  0.89046797E-02     0   453    10     0     0     0
   410  0.66910416E+00     0   449    10     0     0     0
   410  0.20873095E+00     0   456     9     0     0     0
   410  0.10232084E-01     0   457     9     0     0     0
   8
   411  0.85014459E-02     0   450    11     0     0     0
   411  0.91112547E-01     0   451    11     0     0     0
   411  0.44204821E-02     0   452    11     0     0     0
   411  0.12717458E-01     0   453    11     0     0     0
   411  0.38637891E+00     0   449    11     0     0     0
   411  0.16735479E+00     0   454    12     0     0     0
   411  0.29620445E+00     0   455    12     0     0     0
   411  0.33309955E-01     0   198   412     0     0     0
   6
   412  0.11404247E+00     0   450    12     0     0     0
   412  0.57807531E-01     0   451    12     0     0     0
   412  0.21961260E+00     0   452    12     0     0     0
   412  0.76881513E-01     0   453    12     0     0     0
   412  0.15631905E+00     0   456    11     0     0     0
   412  0.37533686E+00     0   457    11     0     0     0
   5
   413  0.21685755E-01     0   450     1     0     0     0
   413  0.44820932E-03     0   451     1     0     0     0
   413  0.93404546E-04     0   452     1     0     0     0
   413  0.29581378E-03     0   453     1     0     0     0
   413  0.97747678E+00     0   449     1     0     0     0
   5
   414  0.81390060E-01     0   450     2     0     0     0
   414  0.16821031E-02     0   451     2     0     0     0
   414  0.35041416E-03     0   452     2     0     0     0
   414  0.11096898E-02     0   453     2     0     0     0
   414  0.91546774E+00     0   449     2     0     0     0
   5
   415  0.21685751E-01     0   450     3     0     0     0
   415  0.44820923E-03     0   451     3     0     0     0
   415  0.93404531E-04     0   452     3     0     0     0
   415  0.29581375E-03     0   453     3     0     0     0
   415  0.97747678E+00     0   449     3     0     0     0
   5
   416  0.81390411E-01     0   450     4     0     0     0
   416  0.16821102E-02     0   451     4     0     0     0
   416  0.35041539E-03     0   452     4     0     0     0
   416  0.11096937E-02     0   453     4     0     0     0
   416  0.91546732E+00     0   449     4     0     0     0
  11
   417  0.21519789E-01     0   450     5     0     0     0
   417  0.98449516E-03     0   451     5     0     0     0
   417  0.58558751E-02     0   452     5     0     0     0
   417  0.55083497E-02     0   453     5     0     0     0
   417  0.95274228E+00     0   449     5     0     0     0
   417  0.11275002E-02     0   456     6     0     0     0
   417  0.10846456E-01     0   457     6     0     0     0
   417  0.32184171E-03     0   199   406     0     0     0
   417  0.11995561E-03     0   199   418     0     0     0
   417  0.12713589E-03     0   200   405     0     0     0
   417  0.84628281E-03     0   203   405     0     0     0
   9
   418  0.33409902E+00     0   449     6     0     0     0
   418  0.17340885E+00     0   454     5     0     0     0
   418  0.57167962E-01     0   455     5     0     0     0
   418  0.21669494E-01     0   200   406     0     0     0
   418  0.25565276E-01     0   203   406     0     0     0
   418  0.19238729E-02     0   450     6     0     0     0
   418  0.80645375E-01     0   451     6     0     0     0
   418  0.12651208E+00     0   452     6     0     0     0
   418  0.17900807E+00     0   453     6     0     0     0
   5
   419  0.21685755E-01     0   450     7     0     0     0
   419  0.44820932E-03     0   451     7     0     0     0
   419  0.93404546E-04     0   452     7     0     0     0
   419  0.29581378E-03     0   453     7     0     0     0
   419  0.97747678E+00     0   449     7     0     0     0
   5
   420  0.81390060E-01     0   450     8     0     0     0
   420  0.16821031E-02     0   451     8     0     0     0
   420  0.35041416E-03     0   452     8     0     0     0
   420  0.11096898E-02     0   453     8     0     0     0
   420  0.91546774E+00     0   449     8     0     0     0
   5
   421  0.21685751E-01     0   450     9     0     0     0
   421  0.44820923E-03     0   451     9     0     0     0
   421  0.93404531E-04     0   452     9     0     0     0
   421  0.29581375E-03     0   453     9     0     0     0
   421  0.97747678E+00     0   449     9     0     0     0
   5
   422  0.81390411E-01     0   450    10     0     0     0
   422  0.16821102E-02     0   451    10     0     0     0
   422  0.35041539E-03     0   452    10     0     0     0
   422  0.11096937E-02     0   453    10     0     0     0
   422  0.91546732E+00     0   449    10     0     0     0
  11
   423  0.21519789E-01     0   450    11     0     0     0
   423  0.98449516E-03     0   451    11     0     0     0
   423  0.58558751E-02     0   452    11     0     0     0
   423  0.55083497E-02     0   453    11     0     0     0
   423  0.95274228E+00     0   449    11     0     0     0
   423  0.11275002E-02     0   454    12     0     0     0
   423  0.10846456E-01     0   455    12     0     0     0
   423  0.32184171E-03     0   198   412     0     0     0
   423  0.11995561E-03     0   198   424     0     0     0
   423  0.12713589E-03     0   200   411     0     0     0
   423  0.84628281E-03     0   203   411     0     0     0
   9
   424  0.33409902E+00     0   449    12     0     0     0
   424  0.17340885E+00     0   456    11     0     0     0
   424  0.57167962E-01     0   457    11     0     0     0
   424  0.21669494E-01     0   200   412     0     0     0
   424  0.25565276E-01     0   203   412     0     0     0
   424  0.19238729E-02     0   450    12     0     0     0
   424  0.80645375E-01     0   451    12     0     0     0
   424  0.12651208E+00     0   452    12     0     0     0
   424  0.17900807E+00     0   453    12     0     0     0
   6
   425  0.68150930E-01     0   450   121     0     0     0
   425  0.31828386E+00     0   451   121     0     0     0
   425  0.12177541E-02     0   452   121     0     0     0
   425  0.17282100E-01     0   453   121     0     0     0
   425  0.50165474E+00     0   456   122     0     0     0
   425  0.93410574E-01     0   457   122     0     0     0
   6
   426  0.12340758E+00     0   450   122     0     0     0
   426  0.22303763E+00     0   451   122     0     0     0
   426  0.54202583E-02     0   452   122     0     0     0
   426  0.39762728E-01     0   453   122     0     0     0
   426  0.58138478E+00     0   454   121     0     0     0
   426  0.26987096E-01     0   455   121     0     0     0
   6
   427  0.68150930E-01     0   450   123     0     0     0
   427  0.31828383E+00     0   451   123     0     0     0
   427  0.12177541E-02     0   452   123     0     0     0
   427  0.17282100E-01     0   453   123     0     0     0
   427  0.50165474E+00     0   456   124     0     0     0
   427  0.93410574E-01     0   457   124     0     0     0
   6
   428  0.12340758E+00     0   450   124     0     0     0
   428  0.22303763E+00     0   451   124     0     0     0
   428  0.54202583E-02     0   452   124     0     0     0
   428  0.39762728E-01     0   453   124     0     0     0
   428  0.58138478E+00     0   454   123     0     0     0
   428  0.26987096E-01     0   455   123     0     0     0
   6
   429  0.71430141E+00     0   450   125     0     0     0
   429  0.10887731E+00     0   451   125     0     0     0
   429  0.73166564E-02     0   452   125     0     0     0
   429  0.47174972E-02     0   453   125     0     0     0
   429  0.16452821E+00     0   456   126     0     0     0
   429  0.25886192E-03     0   457   126     0     0     0
   6
   430  0.12205008E+00     0   450   126     0     0     0
   430  0.22050476E+00     0   451   126     0     0     0
   430  0.53462419E-02     0   452   126     0     0     0
   430  0.39201669E-01     0   453   126     0     0     0
   430  0.57764691E+00     0   454   125     0     0     0
   430  0.35250302E-01     0   455   125     0     0     0
   6
   431  0.68150930E-01     0   450   127     0     0     0
   431  0.31828386E+00     0   451   127     0     0     0
   431  0.12177541E-02     0   452   127     0     0     0
   431  0.17282100E-01     0   453   127     0     0     0
   431  0.50165474E+00     0   454   128     0     0     0
   431  0.93410574E-01     0   455   128     0     0     0
   6
   432  0.12340758E+00     0   450   128     0     0     0
   432  0.22303763E+00     0   451   128     0     0     0
   432  0.54202583E-02     0   452   128     0     0     0
   432  0.39762728E-01     0   453   128     0     0     0
   432  0.58138478E+00     0   456   127     0     0     0
   432  0.26987096E-01     0   457   127     0     0     0
   6
   433  0.68150930E-01     0   450   129     0     0     0
   433  0.31828383E+00     0   451   129     0     0     0
   433  0.12177541E-02     0   452   129     0     0     0
   433  0.17282100E-01     0   453   129     0     0     0
   433  0.50165474E+00     0   454   130     0     0     0
   433  0.93410574E-01     0   455   130     0     0     0
   6
   434  0.12340758E+00     0   450   130     0     0     0
   434  0.22303763E+00     0   451   130     0     0     0
   434  0.54202583E-02     0   452   130     0     0     0
   434  0.39762728E-01     0   453   130     0     0     0
   434  0.58138478E+00     0   456   129     0     0     0
   434  0.26987096E-01     0   457   129     0     0     0
   6
   435  0.71430141E+00     0   450   131     0     0     0
   435  0.10887731E+00     0   451   131     0     0     0
   435  0.73166564E-02     0   452   131     0     0     0
   435  0.47174972E-02     0   453   131     0     0     0
   435  0.16452821E+00     0   454   132     0     0     0
   435  0.25886192E-03     0   455   132     0     0     0
   6
   436  0.12205008E+00     0   450   132     0     0     0
   436  0.22050476E+00     0   451   132     0     0     0
   436  0.53462419E-02     0   452   132     0     0     0
   436  0.39201669E-01     0   453   132     0     0     0
   436  0.57764691E+00     0   456   131     0     0     0
   436  0.35250302E-01     0   457   131     0     0     0
   4
   437  0.96390367E+00     0   450   121     0     0     0
   437  0.19782368E-01     0   451   121     0     0     0
   437  0.39412207E-02     0   452   121     0     0     0
   437  0.12372709E-01     0   453   121     0     0     0
   0
   4
   439  0.96390367E+00     0   450   123     0     0     0
   439  0.19782370E-01     0   451   123     0     0     0
   439  0.39412207E-02     0   452   123     0     0     0
   439  0.12372711E-01     0   453   123     0     0     0
   0
   6
   441  0.10361153E+00     0   450   125     0     0     0
   441  0.29373452E+00     0   451   125     0     0     0
   441  0.10878562E-01     0   452   125     0     0     0
   441  0.30662285E-01     0   453   125     0     0     0
   441  0.45229644E+00     0   456   126     0     0     0
   441  0.10881660E+00     0   457   126     0     0     0
   0
   4
   443  0.96390367E+00     0   450   127     0     0     0
   443  0.19782368E-01     0   451   127     0     0     0
   443  0.39412207E-02     0   452   127     0     0     0
   443  0.12372709E-01     0   453   127     0     0     0
   0
   4
   445  0.96390367E+00     0   450   129     0     0     0
   445  0.19782370E-01     0   451   129     0     0     0
   445  0.39412207E-02     0   452   129     0     0     0
   445  0.12372711E-01     0   453   129     0     0     0
   0
   6
   447  0.10361153E+00     0   450   131     0     0     0
   447  0.29373452E+00     0   451   131     0     0     0
   447  0.10878562E-01     0   452   131     0     0     0
   447  0.30662285E-01     0   453   131     0     0     0
   447  0.45229644E+00     0   454   132     0     0     0
   447  0.10881660E+00     0   455   132     0     0     0
   0
  38
   449  0.96047036E-01     0   454     1     8     0     0
   449  0.96047036E-01     0   456     2     7     0     0
   449  0.96046738E-01     0   454     3    10     0     0
   449  0.96046738E-01     0   456     4     9     0     0
   449  0.52885853E-01     0   454     5    12     0     0
   449  0.52885853E-01     0   456     6    11     0     0
   449  0.17743602E-02     0   455     1     8     0     0
   449  0.17743602E-02     0   457     2     7     0     0
   449  0.17743566E-02     0   455     3    10     0     0
   449  0.17743566E-02     0   457     4     9     0     0
   449  0.22063348E-02     0   455     5    12     0     0
   449  0.22063348E-02     0   457     6    11     0     0
   449  0.30565125E-03     0   450    13     0     0     0
   449  0.36618914E-01     0   450     2     8     0     0
   449  0.13535943E-01     0   450     1     7     0     0
   449  0.13535940E-01     0   450     3     9     0     0
   449  0.36618710E-01     0   450     4    10     0     0
   449  0.21173686E-01     0   450     5    11     0     0
   449  0.18439215E-01     0   450     6    12     0     0
   449  0.47456715E-02     0   451    13     0     0     0
   449  0.51266138E-01     0   451     2     8     0     0
   449  0.44505995E-01     0   451     1     7     0     0
   449  0.44505995E-01     0   451     3     9     0     0
   449  0.51265843E-01     0   451     4    10     0     0
   449  0.11221732E+00     0   451     5    11     0     0
   449  0.11242924E-02     0   451     6    12     0     0
   449  0.21680010E-01     0   452    13     0     0     0
   449  0.48687201E-04     0   452     2     8     0     0
   449  0.62044193E-04     0   452     1     7     0     0
   449  0.62044193E-04     0   452     3     9     0     0
   449  0.48686892E-04     0   452     4    10     0     0
   449  0.17919940E-02     0   452     5    11     0     0
   449  0.17379146E-01     0   453    13     0     0     0
   449  0.83058310E-03     0   453     2     8     0     0
   449  0.10025217E-02     0   453     1     7     0     0
   449  0.10025217E-02     0   453     3     9     0     0
   449  0.83057792E-03     0   453     4    10     0     0
   449  0.39323624E-02     0   453     5    11     0     0
   0
  12
   451  0.18825459E-02     0   450    59     0     0     0
   451  0.12438948E+00     0   450     2     8     0     0
   451  0.16526207E+00     0   450     1     7     0     0
   451  0.16526207E+00     0   450     3     9     0     0
   451  0.12438946E+00     0   450     4    10     0     0
   451  0.16261800E+00     0   450     5    11     0     0
   451  0.27800201E-01     0   450   121   127     0     0
   451  0.27800201E-01     0   450   123   129     0     0
   451  0.27773352E-01     0   450   125   131     0     0
   451  0.57639070E-01     0   450   122   128     0     0
   451  0.57639070E-01     0   450   124   130     0     0
   451  0.57544529E-01     0   450   126   132     0     0
   6
   452  0.31849390E+00     0   454   199     0     0     0
   452  0.31849390E+00     0   456   198     0     0     0
   452  0.12207617E+00     0   450   200     0     0     0
   452  0.20452031E+00     0   451   200     0     0     0
   452  0.23369554E-01     0   450   203     0     0     0
   452  0.13046393E-01     0   451   203     0     0     0
   6
   453  0.35504919E+00     0   454   199     0     0     0
   453  0.35504919E+00     0   456   198     0     0     0
   453  0.31552408E-01     0   450   200     0     0     0
   453  0.28629988E-01     0   451   200     0     0     0
   453  0.82289979E-01     0   450   203     0     0     0
   453  0.14742921E+00     0   451   203     0     0     0
   5
   454  0.33558398E+00     0   450     2     7     0     0
   454  0.33558398E+00     0   450     4     9     0     0
   454  0.10960779E+00     0   450   127   122     0     0
   454  0.10960779E+00     0   450   129   124     0     0
   454  0.10961643E+00     0   450   131   126     0     0
   4
   455  0.73920265E-01     0   450   198     0     0     0
   455  0.40786994E+00     0   451   198     0     0     0
   455  0.31703514E+00     0   454   200     0     0     0
   455  0.20117469E+00     0   454   203     0     0     0
   5
   456  0.33558398E+00     0   450     8     1     0     0
   456  0.33558398E+00     0   450    10     3     0     0
   456  0.10960779E+00     0   450   121   128     0     0
   456  0.10960779E+00     0   450   123   130     0     0
   456  0.10961643E+00     0   450   125   132     0     0
   4
   457  0.73920265E-01     0   450   199     0     0     0
   457  0.40786994E+00     0   451   199     0     0     0
   457  0.31703514E+00     0   456   200     0     0     0
   457  0.20117469E+00     0   456   203     0     0     0
  10
   203  0.80675256E+00     0     5    11     0     0     0
   203  0.67969598E-01     0   125   131     0     0     0
   203  0.23768590E-03     0   123   129     0     0     0
   203  0.48029021E-03     0     3     9     0     0     0
   203  0.22779329E-01     0     4    10     0     0     0
   203  0.59051707E-01     0    13    13     0     0     0
   203  0.16001294E-02     0    59    59     0     0     0
   203  0.26746129E-03     0    59   200     0     0     0
   203  0.37711237E-01     0   198   199     0     0     0
   203  0.31499835E-02     0   200   200     0     0     0
  23
   204  0.12958165E+00     0     5    11     0     0     0
   204  0.16962359E-01     0   125   131     0     0     0
   204  0.59224498E-04     0   123   129     0     0     0
   204  0.80001737E-04     0     3     9     0     0     0
   204  0.36606226E-01     0     6    12     0     0     0
   204  0.68346300E-04     0    13    13     0     0     0
   204  0.11959868E-03     0   198   199     0     0     0
   204  0.58856411E-04     0   200   200     0     0     0
   204  0.97955607E-01     0   454   456     0     0     0
   204  0.19741660E+00     0   455   456     0     0     0
   204  0.19741660E+00     0   454   457     0     0     0
   204  0.52105733E-02     0   455   457     0     0     0
   204  0.71164402E-02     0   450   450     0     0     0
   204  0.31739086E-01     0   450   451     0     0     0
   204  0.34292776E-01     0   451   451     0     0     0
   204  0.52509438E-01     0   450   452     0     0     0
   204  0.10105612E+00     0   451   452     0     0     0
   204  0.29484557E-02     0   452   452     0     0     0
   204  0.16594578E-01     0   450   453     0     0     0
   204  0.25424963E-01     0   451   453     0     0     0
   204  0.36548097E-01     0   452   453     0     0     0
   204  0.96793761E-02     0   453   453     0     0     0
   204  0.55500283E-03     0   203   203     0     0     0
  21
   205  0.12974648E+00     0     5    11     0     0     0
   205  0.16976204E-01     0   125   131     0     0     0
   205  0.59271802E-04     0   123   129     0     0     0
   205  0.80133985E-04     0     3     9     0     0     0
   205  0.39836094E-01     0     6    12     0     0     0
   205  0.14229096E-03     0    13    13     0     0     0
   205  0.11542429E-03     0   200   203     0     0     0
   205  0.13428603E+00     0   454   456     0     0     0
   205  0.16633204E+00     0   455   456     0     0     0
   205  0.16633204E+00     0   454   457     0     0     0
   205  0.29418206E-01     0   455   457     0     0     0
   205  0.84262323E-02     0   450   450     0     0     0
   205  0.40423948E-01     0   450   451     0     0     0
   205  0.47829345E-01     0   451   451     0     0     0
   205  0.28724110E-01     0   450   452     0     0     0
   205  0.47455579E-01     0   451   452     0     0     0
   205  0.40659891E-02     0   452   452     0     0     0
   205  0.32397617E-01     0   450   453     0     0     0
   205  0.57342336E-01     0   451   453     0     0     0
   205  0.13126491E-01     0   452   453     0     0     0
   205  0.36884103E-01     0   453   453     0     0     0
  14
   206  0.21803813E-03     0    11     4     0     0     0
   206  0.17174754E-01     0   131   126     0     0     0
   206  0.59965027E-04     0   129   124     0     0     0
   206  0.79689045E-04     0     9     4     0     0     0
   206  0.17024228E+00     0    11     6     0     0     0
   206  0.11899621E-03     0   203   198     0     0     0
   206  0.59774578E-01     0   454   450     0     0     0
   206  0.13991569E-02     0   454   451     0     0     0
   206  0.20672180E+00     0   454   452     0     0     0
   206  0.20717610E+00     0   454   453     0     0     0
   206  0.22715703E-01     0   455   450     0     0     0
   206  0.28570351E+00     0   455   451     0     0     0
   206  0.24885010E-01     0   455   452     0     0     0
   206  0.37303960E-02     0   455   453     0     0     0
  14
   207  0.21803813E-03     0     5    10     0     0     0
   207  0.17174754E-01     0   125   132     0     0     0
   207  0.59965027E-04     0   123   130     0     0     0
   207  0.79689045E-04     0     3    10     0     0     0
   207  0.17024228E+00     0     5    12     0     0     0
   207  0.11899621E-03     0   203   199     0     0     0
   207  0.59774578E-01     0   456   450     0     0     0
   207  0.13991569E-02     0   456   451     0     0     0
   207  0.20672180E+00     0   456   452     0     0     0
   207  0.20717610E+00     0   456   453     0     0     0
   207  0.22715703E-01     0   457   450     0     0     0
   207  0.28570351E+00     0   457   451     0     0     0
   207  0.24885010E-01     0   457   452     0     0     0
   207  0.37303960E-02     0   457   453     0     0     0
   0
   5
     6  0.33333334E+00   100     2     7     5     0     0
     6  0.33333334E+00   100     4     9     5     0     0
     6  0.11111111E+00   100   122   127     5     0     0
     6  0.11111111E+00   100   124   129     5     0     0
     6  0.11111111E+00   100   126   131     5     0     0
   5
    12  0.33333334E+00   100     8     1    11     0     0
    12  0.33333334E+00   100    10     3    11     0     0
    12  0.11111111E+00   100   128   121    11     0     0
    12  0.11111111E+00   100   130   123    11     0     0
    12  0.11111111E+00   100   132   125    11     0     0
     10.00000000     -0.10229186
      0.97820687     -0.08125660      0.18052973     -0.06259219
     -0.14315611     -0.92857635      0.30139500     -0.16252129
     -0.07260808      0.11057688      0.68994641      0.71167052
     -0.13170344      0.34484193      0.63288552     -0.68058372
     -0.96995908      0.24326813     -0.24326813     -0.96995908
     -0.89388728      0.44829181     -0.44829181     -0.89388728
     -1.32799327     -0.03865394     -1.23642063
   -371.57342529   -550.42138672   -125.40359497
    299.43139648
    T
