      GTV      -0.02500     0.00000
         g       1.21772
      GTF      -0.00625     0.00000
      GTS      -0.02500     0.00000
        ah       0.00003     0.00000
        gh      -0.00005     0.00000
     GRTAU       0.01814      0.00000       0.01814      0.00000
     GRBOT       0.04287      0.00000       0.04287      0.00000
     GRTOP       1.77894      0.00000       1.77894      0.00000
      GWWR    -131.51410     0.00000
      GZZR    -171.06413     0.00000
       ahr      -0.00006     0.00000
       ghr       0.00151     0.00014
      gwwa       0.31345
      gwwz       0.57159
      gwwh      52.32566     0.00000
      gzzh      68.06147     0.00000
      ghhh    -121.82265     0.00000
     gwwhh       0.21248     0.00000
     gzzhh       0.27638     0.00000
     ghhhh      -0.49469     0.00000
       gal       0.31345      0.00000       0.31345      0.00000
       gau      -0.20897      0.00000      -0.20897      0.00000
       gad       0.10448      0.00000       0.10448      0.00000
       gwf      -0.46096      0.00000       0.00000      0.00000
       gzn      -0.37174      0.00000       0.00000      0.00000
       gzl       0.19985      0.00000      -0.17189      0.00000
       gzu      -0.25714      0.00000       0.11459      0.00000
       gzd       0.31444      0.00000      -0.05730      0.00000
     gHtop   -0.7077896   0.0000000            -0.7077896   0.0000000
     gHbot   -0.0170552   0.0000000            -0.0170552   0.0000000
     gHcha   -0.0170552   0.0000000            -0.0170552   0.0000000
     gHtau   -0.0072160   0.0000000            -0.0072160   0.0000000
        gg   -1.2177158   0.0000000            -1.2177158   0.0000000
